$ANSIBLE_VAULT;1.1;AES256
31633035613732373534336330383037383937313635316261653966353835616462333866313063
3236633764356231323965613661643865343563623435640a383266646564656434336663303436
30313430613935313666616338666234626438623634383432306535343236326236663839306132
3535353165646562380a343837323832393361333736366364323730663362633261363761363637
35643339663035336638326161363735643135363766313237343638366561353365303436393534
65613161633561626165623162633566656432353432386532333139393934663436313637333030
62373730366366616234646164646666326664393635323838336633643163343037623137353864
37373762666632613461393234383532316130346665376530386534623138353766643936383337
66656263636163653230346263666438643138393266313636366165623665623464346262353665
64373631643162316539376562316664393431333438653264636132326461656135386131356534
32636236623862623835353239343864633534316364376135666661663430363331386432363365
65303963623537643961393132656565353439373731646531393966313965616263336137653765
30333361646231363637663564376261646232336131646530633339663634643836306133356138
62623861306532363863653261393366343565663163383937653635303337356665323134396561
63616164313834326436643433616338663838633766333738376531313739336130666566323464
30393333643430303432373931623135373832386630626637306563626634353534666533653637
32663233663837656139393139613431313438616436646365653334393833386533646238653338
64666539666636613333613566383164636534366465393564643838616364346166666565383333
65646131393563616232653866313363343265656166636261643433373635376232616132633562
33383032663738333831316362363966373934333432373139323261626530316163343836613630
39636537316261363631326336323964633735633631316533326232303463376136623564656666
35323834383533613736353034303261636438383265613334326130376462346137373066316465
65623039646661636131306231393664636235663863643738326338643839656537343037323135
38313139396464366239313362336136333665333731333263303734313736383835653034363339
35316333306264616334306162336265386335663064643065633437626531396631633931306665
39653537636438396633386332613865663330663232366237313330343535623631613034636361
32623763363738333832303732313236656232343530616361623066313132653334653131313532
66363564393132323864393431303439663364346438623934343261646336366263313666383839
62366562643932666365363431373965383231613034636535636336343033636663333266333239
63303932306339363563323164623930356333323835393164616361636637356336316436336331
35393663626539663738613434393530336339613039376432333361663561623562653265656265
33336538313230653766623538666361383465666238353763333864613565353038303633336537
63386363623962653665373162336534666634643232363763323163376265616563356265383465
65633730646663653035383063393263313664323561623333643932353635316134356662376532
34326632636233366632366431316563616435393638333061313661306532643564646531653738
61336262636339343662656465373334643132663537323533663232383138663834613737323632
64316139623063363238653764616530373733303332626338623835356238656238313161623632
39313530646331393232353866323031373333626139356362643738653131646364633231366133
39646366623735393535323433353331633932656333643831633066646563663739303238386334
38383930623839613939373564333132336461363037383739636133346333303038393163313031
61333630313139346661653861393633333238353936343461623139613732336135643335353762
39613665386561336361623537663637343135666532323338386136613231306438363532656336
33653836626561373434353536393334643362313665326335626566373439333439383738373063
35626435303430663165653631626539613939383532653365396165306237393061363763306233
36373462623064343261646664363366613932393861396331613434393064396364313131636131
62616461386266613136383361613632303065646436363738663837373264353430663762306634
38346338613830643238326431386334613137396663313432386562363231613562366535356564
38316461326235323738313530643538663264626539343332613739306266656131663265623161
32363063363065333938383361366466326235626330663532356337316539393362333739383464
64666266643133323434313366656237383261373232653530343839336130646432613465336364
38333932653236633236396634666666386435393030333561323232383135643531613038313862
61303533613730653034383264633838363062313338303131313439316337336534316436633135
62623862616264643163323938363135396331306565633230626264383661303937636632343636
33356565316465393133363736336363356239376663336561356134376163303432666430346439
63353161353861653530326233653231383235666630386430306663353336316134346636626630
36336530323063623435313133663966323133633266333262633238373566366464396634303139
62653131376139373465313432366565633534333235373762653366346634643931353165373031
33663834356530643134366263316361643132306663316230623734363837663536393862313362
65373631343565643738363262623465323239373331323165626532313764373361623535396430
31643434646265383534333737626137643363626430626633633033323630313161613837356635
35613436623338366631353563656231323263643866356137333738343264623831353462623432
33313135383334366432376166643066303837616461363835363033336333333935376231643431
63346530373366316565393237363038656166333036363337386164626531653833666431643966
38383863313535363333646230623630383766643037356262346533336565356531303362333262
30663734313238636537366432333933386634306230363866626433323861633865326636376134
34633063653739613631663430363238626139303665323062353037663263373831383333326538
38343531643864613261396437643938303739333733306263373531353532363736386131316231
64336466656564313466393766663364393937393162613530303730616461363131386530633639
33626265363065363737303763373638393332346363633136353834333333356664306331386465
35353338353432343966666534383638373834343236336165663736383431636461373833653362
33393261646533653330363436643936636163333130623631363738636630663066636438653230
35356666376530353939373963366262336633653231633663383563393137303766633537363234
61353335333163363134356161393662346531326162393334346237656265303732316430663861
38393063333636313664633331643138646436313963623038303261343766663165633736323330
33623161643761373236653036623133316631613132376235303063623062396662653662633331
31386163626230323239656562653561383965616365356331326636353330656562353366353163
37626561666237366361666436363038653532613734383930633933666664653463396335333639
66663862626630396135643165346532666538376636386639316533333064346535663362636166
65616333313430616335373630353237653833643163653137366563643230343335353835363638
35336663363439633639383839343038613231313166643561656539303637656137616133336363
33666435626334313531336464313039626662616239353730343332656166383862363262363135
34313934356438626563353130356438653539656233363866666164623236363634363238653635
63613065323266343835653333666463623036346634653132373936313361376661623632323263
65303137616561383461646464316637626536383862366139346535613132633835326430623134
38313762636536323730626331323733633936623735363963326338646337383761333561653832
38373061636339613566326237666135616462333461646632343633383262303034396132643565
33623437656437323530643039386434326266313932313765396637343035666261323232376334
65663964376237623365613735316663656163633161323966623062666663333236373038393065
39363638306165356561306439613866373133633563666433373565316232636636366235326565
33313436343631363662323062393665383537623362356336333434653137623033303737376563
32323031333365346237646535346363366632663063366637623235393861616361313031346263
39376139616332316265303564313364333337383538666235303337666635393435343561363065
33393061363234656332323733316362613733383164623266636233363863393935353565386430
61333537313738383165343365363932646132643239666535316633353865376364366263383537
32663036356664373932373834613062333131643631643238613037333135666161363735326539
65333238626237353362313261386463643039653161333261306130663937373638626136653362
63366634353066326164666530373964616430633965616231333338653465386335646536393234
35623865343730636236313431343731326437653332363330356466303662373630663335323031
36323936396263613138353165636433386138613764336633326238373666646336343639373764
36373137616262303363643239623331613530636464393966363764363565656361653333626636
64353031623330663633373938346336303832643733386566323437633036366364396537383962
34633533633031346533383136386335333364386264366239653066636464663565353534386233
66326339666361633030393861656637356134306338353566346231353130306363343661616165
36366461323037373365663236306334336566386461376630653539323139373238313964366439
65343332346661336264393165626638333432623461326533373833343966336165653636303462
38643665356465356130376335663631646436346434623063333365653631303566303835623865
65346132376664663933353434373733333338616438323165396636393734326530356135396531
35363736326566653239616331326162393832616164363431326438623435326231636336366236
34336436656566653839623132656131343938383233306336663934323061636230336432636361
66343965353862623230663337656637626563633062383764613462333439626639323365613630
34633338316463623963643238313938633636646533383134303865333536663832633762383564
36313831326338326265663937663266636537363062376239373739353230656664353830333063
38353836333535316137373334356263643030396437343130353036636531636166363931363161
32306234333739353635346432623032383739393737383564663930363165356335386239653033
32333731623563663363373130643634383033656133653630393264353263323162333632626536
38613333653566333739613038353739613461653036383063383231626134343534353339346434
66323733366364633639663838373838363263616130393062616334393730376236306335616565
64663234353433383664366539633362383634396230626334363635633133666161636664323733
32636366326631353632636533346263326438613933623334313634383262666361393265353935
34396532666661366165343066666538663936626164643263356666343239643934663530336235
31353063386537633330363463373263333332643035376261363835616565356335396263366536
30306566346235393838623966393764616263663638653930383965306435346264396661303738
36366431666166663761313337626538663265333138666435646566663563313562613366356464
66666538373164363563653161613330653162316436323633623430346361646262383038633862
66653437383463333462363933366165393031636638626331653034653562336233353634343531
36353033333132626365383838303734393632346263386531623536666535613763333864333835
36323763343234356234313037386133396463313337393536323361653863623266363639633264
66623131623163303236386561383166663866663431386238303037333562616564303639633666
36343332303234636666383863316634643366323038393339646335626262656230643563366330
30633262643135636331306437353264343932313435623363656638643133333238633964323932
61333062336435376539633537376462653262373834333166386137346264643731393665616431
35343163656630316132623064333836616137646532383162343934373638356439326133626531
38336463366265313732343064363834343938343866323733346333613932336265663939626638
64363434383832366663393630653137373636363937353464613436343733633333383833656263
61613038373231323039306638313933373135656631393061373633646639303638646464383631
34636432303838383166336238616266363932633134356437303530623566643139376462663166
63366261313366323061643864323161663736323331623965363131353930663661633262383864
63396661633739313762336537346339633437393630666437393433396332316131316139373935
61376666383835386232333037636665646339383532356238393662343234613039666532333563
36373862316530646435613864623034653330316535666564316238396532613739653761363365
64303866663361333233333664313139613337356539363931656463373237356133643265666433
34323933623430653663396565633965643139356339363439656161643338396261376465303931
35623462323065646238313935313663646165633430396366623738616564633762663363336432
66666234373566663535313334313466633432346165303332353361386263303932646462643663
30623665666564646162373430396139396633396131613762373536363730306232303237323035
39306334396337386462653663633036623435363735656461366137303631636364353536623865
34363434303735666266393337326165353763616561383137613663313834386133333639656130
64356365613562343333393237333764316335323333613934366533383030633665306532336163
63666435653732623937383439363237376438643663313238613562643166613765393132343964
35363433643264353865393661343735646630626436313261636365303835623164393333666435
61643435343333626437666236366338636334356166303635313138663263353462356336396666
66306237326462333663646365366365393631313639303565313465323565346162363166336666
63346330366536663733343138316436643532663962343766383164613464633364313734663963
64373135613765653731306564613563653531656165336231626637373765346461653966663934
37316134613635363165313865616430323130646164383330633535336638326561633637356461
36333934393266333263386436306466623638646365363936373430613738396662376339363132
35316430363934646163386531633363663237323363316265336261643465353034366662356665
36386363386534376531666630346435623036353333336136343533666639306538663235663530
37393035623131663037323739316638613333646530646537346466313933303932383837373833
31653037346637656366393333663262316334323535653364313439643737356664623630393537
63353833646436383865363031303238323164303863616266386533303535353362646333313633
36356162323135303736653938656362616464306165363430366261316464393136613535303966
36646164383336656131306337346131383334353637373662633564326566333036643330393134
61356237613133393262303163643637333166343836353864653737623164363763616464313663
64616435396232376133356435363933393238643866656539636365633634393534346334643334
30343162613035313664643333653633333330363861636465363964623563353433303837663634
31303139656362666462663862613939303461396638346637303463343134306139653636383530
31623930633131353235393261303432333030303636343262306536653131303230626635633434
61356139613538333931313539616531363934623737396638653534663162653530623362386262
36626438613630636439646434393162363034636231313537373466616438306366376438343162
66303332666637666165653936353665313564656462626637373037663335346163663464356131
30313337643363643661356437396232353330623332663963646165353462306230373364383161
62393066636433313661336632633039386430666138366433386662346530646130636435633234
34646463306531393166373766373035393630353532613238303439323361613732363635313966
61623364303237393939396133646464336261363263386630333665346534373965343038363933
31623439623634633737313566653633323262643433386336666230383264323335623034396165
62323963313463343063393464376439313165633535353365326139383264653438353462346330
39356463623138653933386335323833383835663430326338313463376437316239386564393162
61376163633364336632633933303465356135613437623439616364653563366533616630303932
65363935376134336466353238393666623138343537396539386630376439656338656538336634
61363964343133623565313264323934643364653331383161613066356336316466663636626533
30626135316365366339376536373837373862366437336334636266626163383433326436343935
61323063356437333634383835373163343931663136373231376463393732366539346262653137
34633735613934373662313836373935633762353165306136316538353930353638303364366135
34653736656163366666626136643635396461393865376434643137613638306365323839333066
65316134393766323234633036373232383234333132336235383239323733343830373832613630
36353466653433393861636632613765333235626134313130363135343230383565663138353631
31643466323931393139303762666466363336376134356166336430366266303664393265343037
33646237353565383434656431363731376663386464366234363265373230306135616361336237
35396433353338323435633933373234313232383165353964306665393165623364333063313031
61376332393135366164373538316239323638366439373734636336336130383039656461663738
61646437623234666165383762383366306435323165633737653039373563346164663065303132
61336463643938623838323436313333313539663535616466316665623766316466373265323638
62643533666133643031346132663132633935386637353131663638623562363562343261623730
61356137306263643432386334323833363034393434653538656138306638653663653834383564
63613861313265343437346135316364323530303530613065306465353437336265336363393232
39373866313864643932323536373339396263336239373738363433316136633065666432313832
33356461376562373037373635623033313833386238383464326635613666623032346236663463
33663565306336656663303332326666343631626265616465633063316462376638333439303035
39393863366661663264663330353139633034386630646434656234383732323462323739353364
33316565646462333438626338366532633761346562623431306539663232633335346638346132
39383837616234306665653631326131666336313965333137623537323133666537383664343533
32343363616264343538643230333637396265663535333332366532373632323735333361613366
63616561386162333230633430343131653835353934343639366563326563306334653437393233
3330
