$ANSIBLE_VAULT;1.1;AES256
66313131623334663932376535336436383331636664353564366435626239323363313939313930
6535653263303162313635636263356532333833366432310a316663313764623330383534383233
64316564386532376364643937376232353736346439626334316436336262383362633866386532
3733653934326365340a346335396238303064326431663834393836663438336265616461383235
32633932386431646330663563303330656166386132643136353930643261373662383364333564
66653036323734623635643062663438333036363635663639663063643663383064653138393537
64386565666537646431643038393362336234623231376230653433373239323362396439623031
66613766393061313438646131633434396336633032653235663732623064313937373064386363
65353134363665363563306561373032383562323263333661643761383362353365363063376436
38363937363664306537326362633461373932353035343663646561633330316561633232373832
66356566306362313339646262373832613237323830376135313735613362343761393639396535
38633062633662356433643432323635396532636531303863643464313166343934346564343433
39303835643430363461393439303135663836633465623861616133346231363035303163346239
39633734623566663332396463363436623232656166373130613337336233323935636133356630
32343633643366633534313333396132306338316135323133303237316265383736663234343538
63383061333063353265383265633462346239666233393232626662613233663339616332666630
33663438353261333662376339393731613961633662333064343131303935623632663932663433
38373236326364616330363832333533363966626630653563366163363236346336633939366638
34616332376362306330353739303064346538643436393437313166323030373730653166383631
64343562626637393333303038313936363233643732353532383764363937323630336437663630
34656463623966366433396537363536333137623033326163393162336334643565363731313834
38613233653630623531613235323131633736396135633434653633646239376438386464623664
61343961613138323261646664643839333538636361383164336163666139643933333634656632
38623132353739616662313538636465623035633935303430386163386639623039373738623631
39333862623239656137396535373534353139666230623666343531636432386433623764353062
31653331633364613234616436313039323730626363393733613164666436346532393263643661
31656666616365383931353965353236666339306437313665373530353662663735653165663535
36373336323565353736306363373537613535346433303939323863386664633936613039646532
38356266353338613131306266616631303736396366633436656630333737313764323832366162
38306631393931633633343437653165616138646339306261626365396536643364303963383633
31623162336437623932383437343564646337636134326633383238333837653230333139363234
63613339636135396436633433623439383765383165643063343735303939316332356464616332
62376266643661633464386662346130353030336136306538353935663336346638376431656664
64653035643030376236353335326236346433326164346165663661346132613166313133356430
35316635626264636661393834613733353331613839303364616165383364643236313234356533
33366636376630366137306364336633393961386231383165303431623435376236373261303665
37643931376363306163383862653539613165646237353639326333643165666134623337343631
33646432313439316636383964643436303033326232363436353934386463623861323835323331
32356530623832633234666262323565376163626436363938633935393336613234363033663063
63313939326661333966376565623461323739366337376534653336383134643661353563313635
61323733373138366533636435373731373936306639633433326438393533356565386632663630
31653633373439316563626331333261626533333366636162626662663662613562633832666132
31333166353865356437343934303938353933623733373238353562343939303861376436363932
65336336623737323938383439396634366532326236643362313339373539623938663738623730
62383635326666376334316239363539653637613339613236623339333032336534653866666333
32303236663436333839663863646366373564393563653561323339393932323933366338303737
34326663653064306638353161663739323562383665363266646137646336396138313837646366
62376663323732643930303264636662383536303538303433646339613834396634663561633932
31393536313539313533626631653632386636646265333433383462653333653961343138396639
33396335303363333432326566636536313830336236646431376634633865366337636430393734
65623236356336656639313563366465383965346166363432383766323731396635346236613939
33643464333665666532663164666361346533353534393633313131353365613731313033643166
63353336623932306336383930653662303737353734373830316462346262353930633764313235
39396137343337373661393365633536346532316161336265373966653966336634653932383961
63383833616562626636363764376435306639616436396236656534666361613036616332616339
61336535653232636237303961343562643439333165653936616431633464396362343530316338
66633861313765313062326536633862646665343931316563303163386134613664316633316235
65313531373965643263383833303834303363376436386531616566623238346164373666303264
66616434366433626234353537373032316435636630653734306263376134346135626432353136
64653661613034336362643836616464663564363937363739663237363966636232633334383835
38626538653565636139396137623036313835636463613162666365323966613339373933653732
61393639393938653131316336306263376233346631663535363061613936633663343034656464
62376431363435653233636566653832623830313133666538656132396331653633323632323764
34303033303830633964393134373839326461306336343066383863633761373230666537616165
61623338373734356130653963383038646364656661353730303439323338306334353035303631
37303964343735313762643338626464343832653765383266323236643634646362633230383234
37353666643664396564376637623733373534663265373563393764366333653733313931326439
31303731333039393662303339383839333138643061383233663763636363663361353536656630
63323836313162633263363265326363363064386264353230323239343334303039623338656363
39633733643062633034643065373065373135373066303732303435326436306534613334366339
30653338306264646461356635613965306465326630623266316335366661643762616162306639
31343134616237313933373135353135393435316639303239323765303533363064353764626438
34633462396432636365393932383131323830613534613138313334343562396562356632303738
61626630613063303834653033663338306462313433646537323336666263383931666434333831
34326530663938653938366163633238393035303561333161333739323863646335653935343135
32656162613539306630313262666163316265633131303534393632656138363030343230656636
63656166323636343736343165623335633738353337326433643866356162393562653832383666
35343563396433613064346334343765316662623236343861326163636434363330666539653334
62356433653039646264613131616565356131383733653031373136316636333566643635383364
36613533383063613437343239376561346236656238633038303636366164666334303764623162
62363765373031336662666237333966313331326230386365363932623462363564353561613535
62626165636238643535666664633965336361386666313536623135313362316634643262303337
31363431633538653633326439653035373430386366366461653130356134656530613364386239
64353130646537333431373938326333613933653334313636366434373539373761383631306538
36353638336663396663373938323362633733376130613631633464366463353438393236383530
30623763366338376561376534616631346137313362393465363766336565373366373437373163
64353461353935616665346231663835633233663835633231343264383833383539346630326639
65356137373431316430646636373736363738353037303138653434623537306366646631336562
39393864333161636630633661636166633438646531666462336637666236396231333266326432
62626239616435303634373335313765316639653465303339636531353334373337383133333464
66306664313435313033643462373937313064326231393862623963633234313231613062376664
37666233343539616136383431643363666263636534393962333231323632643738653434373737
30323031323839666661653036313533326464376464323166383064643734316361633865373938
62643837396139656363653262643338646164613962303335356138623562653032303866366665
38366139316534653264646531323131616263313233346533363065383565643335366133386135
61336666353439353764356437663337326433383532636461663133373639303231333365373036
33386635326537653863616537376537323631306631333739306436636632653038393230616463
39613531353233323362316334613535396236633437613035383030363065353833393263663035
63646633326330623933343566343064316634613934333038636166616365616466633664656633
62313339646166653832383239323833616265376232393337316331323963346562316437663636
30316534386136323237336461303832353230643335656531303534383363323033373635313733
64623530366438636437366135643335376130383536326334613261333436623239653861323438
37343165613939663730373134636462656536633430323239663738373139353531306432636462
66343365396635356165623065613237306339653034316161353365666636643639373232303737
61316562336634633165326335313561396563343833653466373666373837303337646266393835
36393235626632306363616132646435303036356230323233626135633136323130376232323063
63313263353538353563313430343866366239313561326635343863656334393164333236363031
30373161643932616135646631353062616363663838663730376562333131343165616231336531
30653364396365383762386130363736306566313032326562346531346332613139643339366330
36633734643031316366366265313138616636323736646132343263653438623963646364316161
35623333366363613938343132663662646131663161306162363964343839323863363830646364
36303964393038393961326432383031643865306465663539346635383333333939353433623066
61383530633066336433643730663531393662653363326462373439346364316566356636363562
64653230643964653837363135323261373139653334633063306466313261616662353863383131
66316436363530366134666565366630653630663266373764613234343736616330656365316235
38333463653939643065316432323537633666363866376136646462323164393538643261656136
31333834633333333434666666613732393330376539343361383164663566666639613639336136
34303261383434643763643431353637376261613433363030323962663562376637643530646164
34666464646464626463613765343535313830313265353433336361323962663933646138323863
64613838366337363630646137323464353162356161646432306430626232663439333062373564
33396263336566376265373236303830636132333632633832663537656565373238323434303962
61393963643265373534396366343439613164663831346436386539353861323830336430653663
37383963323561663964393136303336343138653165306135386531383830376435306335356264
62613465396561326564386136313130393465383435623931636637383333613933643836306535
64666233366162646266353035343437306362636630663661656537343663353763333930353861
34383330623537346262393232623237663363346366663866623239336666383561633635356431
35376235386366643239396535363837306262643835653862633131633434383365356335613164
61386530313731376431653436623331633032386230376238353034396433316439326439663437
66326336356531363835636366363964333530326566663533373936366632636333363262656333
64366431303166653566666635386232633261633239376263643936633963373763346337616136
66623661343239353034633738343632633038333430333330326563613831613865353534316665
33343830393461363132303230303565363036333563363662626433646262313434356338613666
34313938616237323932303037343339636266326666373830326432346566613566326137613862
63333435306336633833626231633130323137373732643339383761386637643430633363326163
35313134313964323235393133323631666164636630316631383066356538343435336266356634
66623264353839363365623565386137626663333438636438613765643635323765353336373234
31343963383338646434373633323332386137636332326132343337313333633837373664636463
66363435383264326264613165636362666162623330353663336539363661376239636239393662
35383230363531326434396165633561663261373335376633613136343632663161663866623330
36373230326465653162613830383335343838396439383536353964306161303032356561393431
61363234363233316535356337313962376266393963346264376430353337353939303030633435
38633032353564646535386234316238303266303537366464633761353139613733383231363834
64333930373565393739366539333966653563383136303136383933306331643737623161623436
64376634313537363030316261306234313839643164313063636261626531633564326337366466
62373965626337333536353637383139656162656636376334623965383763643639633635386564
39636131366635373264623239663838623339313237326161613264613839633363323637386230
38316464323631363933633436396462313938643366346163623261343534623534346630306661
63363661616136633766663634306264346136373864396630393538653335656464373062396338
65373864323964373165353832393330663733393135366337326264663830393464303564366531
32613536303964626163336664333064316162396338633838376566626263346166336466386432
37623162343836353336366430363063363037613730313836363037373162383935343639623439
36663131633632366638313661663438646133353231343065316435323030323166373731666333
38396464336665336463643761613830646532373364666663663561653065316365326230383530
38383066363630366133633763356135636232313037303332303064616536373836633666343035
35346630626335343339393432663634646663633532663864656266623035346632313835666438
33626537643538633761386438363539383861633163653136663732303862326337346565343565
34656465623164376332386333613164386439623338313831343039663137626339313939623038
33393131666438633333663937656533373565323931626137306634393438353362623333373162
36653539653161333539386436303637643366633033316334343732363962343136386238646166
31356265643730326638336337663966666363303164333439373636383663633464313164356538
33666138386232616531633866343532333334326261306664323238343561353336623964303639
64656636373237653964383939613461613136353763653362626562383530383233363261346337
64346337316634633966306565353931313739353038306665316533626463643235623431336336
37393537626431313731306464643566336361393463396336356262303361396531326563316237
64313834323065376434666130326632636165303133666264663463646262363964363762313232
36346632396265356166636536343739313163316334623133373438333839316661323132643937
37326664626539393366393964656631353762393530386434306535666564386632333137653565
63353535303530363332363563633963346331626166353538373230343437623364396135376132
62333432343463616265346537626263643365363065353863323833353561343133373566366362
61343039636662626661306232393435666662666531333166643537363162646239643235383538
36363131393633643239636633333538666632633538373065643638616361623363373064353436
37303833643230316161346339333939653964623138643736643862343564333236343734356365
61343464663930373062393134323364386631326464623033323462366663306438623765643931
38653335623531303934346230643338373139343662306664646539323262313265316133326332
63326239623437343562313230663034306466306337303263366139666461346138653635623865
63366638336334323630346565373432383233323565303835326461313764633866373335336638
33373539303934633062663764313964323335353736663739333834303238353239393434643963
35386133336664633236313666666230633762356666613338643639373336313230613365313235
35316665663331326336653433373635343834343132633165633963663238346132313162653931
34663965313266313264656435306265343738623330323861353566646531303435356339346138
62633034396334303464663039643030373435353465353637353538633038303362336435303632
35396330326139373166656264633231343563336235363264323733613765353765376562323030
65303638303765326639333737393039663134363031383937383832343338663362393562663432
37636233646138356238316261633937373934666230336162663166373935323564363761393562
66653531643865653363313932636566643430666565343234636364313130373835613636336433
34616137663762663535333030393032623066353035393337343332356239353661633332333636
37393562643631656231343138323965366437663139353633666333343132386266323131623735
38396539356531616561643566363035393935386536373239393533623862343364306236663532
3463
