$ANSIBLE_VAULT;1.1;AES256
39303830316637656262623765303763333563363061343338613437326165636533656462316439
3838663663323837333836373563363164333239653837650a633137616132633331376463323564
65346466333263363735656337353935323130383536636436346436363032623430613430343334
3438633632326336370a393935363032623234373436633266333262653735643932326136323339
30303431666532383538363039323132386463353066653731393030303932313238666164616636
64656264623338396166366236353639366336306431333665663662343666393230656634343461
30663632373338333862313963636631306564303139373261393562376132323665313032323638
32626236336164653839316130346333616332623130383836333633626135376538646365646637
37613064656434626435373866313564653762363462326163646563316263343634363133376564
62633165353763366463656565633766343962636264366466333331616661306638316136373732
38643233303832326136356263353434306335613636356461636536303932373530303438633534
62336338656532353537386433303565343539626131383836616537616539663465666237383231
34636235613762323764646633336330313863393138643361306439643961376461313931356662
65623734663338396263366330633031656162343534353133623538666566666534346665393835
39623439393961306465356536643965366436666335643731356130396532333039616262376631
39623138333932646163336635316633623065646237313833643662353031323634623931396135
31333338393938306439616665376539323064633461643331316537626335373036393033643032
35323932343263323931383838303732646466303034663965656136396538653261666261356532
36313731363534356434653232336537393962353034333835393266626334373366383539343639
66373937383634373162636639393531616230303162356537343230316165353464656133393063
32663636323462643966643632373733636562303364333534326339626138653736373465303636
36626133363235646537386331366639613834356631316630653564646164666164623633376337
31666130396130643638323530386235306432316365333265626334616336666333643835636262
62323731313961376535326363366565666366366236633031616534656439643261613335326439
31313336376166306163616534363132313936336637303633356333306164373831633563656465
64313337643838313039646265373438343763653561373036396665393962663239313036303535
36646338623634356164386137383061636337353934663531643033633734646632633134383735
31373664306462626461646561333639363965313266373637626535306630653761376266623039
66653336353636373166373062363735333664393762326332326634323138653963666431616433
33336530383566613362383661396135366430353038366365376663616133653735313933333766
30383035346334373262356135636333613430613132626437323131616361653162643364666435
36383539386631626639646132383932306237633532333862616664316636653039366331626166
33373233633232363535343038633031656231326130646638343032646130336366363532396461
33313062613965663065323662343663636636393432653063386336643664613330613639663432
37653935313439643361393135393263663334383139366266616266363539303234633836646637
65376139313730356664633931343166383163326434346332363937616136616633326265636138
63333965666435376234613439393363373332663233313761343437363433386131363631343034
61306530323836656335313662316238353035393662356237393532356663376466646462303964
33376633623762626462663338663833346238363131626161626561633361626337633739653862
66313034643035373966306336633635636364353264613435353732306565656261393834663361
33303166373863333134383833303663316139316464653663663632376137333164353636633765
34323330333434663362636264346565343131616639353637613765636131343964373764393662
33383866313538623438656232626637336463623065646532303239306439656239383263306133
39366433396466373965393736656134313264633230646366303162333766613566356539393230
65396230323639326432656634333636303537323566636631323536323433663738363866326363
39336133313436343363333163336133616365613935356638353961353331623862373264663963
33646230383063353039373432366665353738623134663336633862663439313536646233333264
39343535636439626234366239353131353032386133353335616138313163316133313839313465
64343634303166303464663235663634663930373934633764343835656663313038326331626430
37313033383136303361323766343531306165393332343632393634333335633239643163633834
39363630646633366463303165326438666365316531393138643965656230626462363139643163
36663537653664346263616138313463356334386562323637646539353361653332356264626537
63356166636634373839653030386238666536363230343161636663316463393334623265656461
62396263313335323537363537333131613565623236633461346438653334333766656330643931
39663464623636323930346534393230313662373936346437383530346331333364616331373063
64333936356332626537646237353034323563616261326238313339313932316236383431663233
30353833653663623039613133633162313364653239336439383236353064333264366539643164
39653165613537646136656161376435306566636336636539646565316334396339653736333264
38663931353036613334333436396132383735633262336465613061373563376436653066386139
66333061393832633037326235343131303434616565666265316161663035346635333561336166
30316536363134643935633863626539363866336663613035643962336231326561336231623833
31616665636134313433313166663462333131363439666438313734643733333730323730373763
64363231646339633863383732663732343533623230353935653637353535316364343437643162
39326564346663363266636162626663626531353735653762613963333761396566653563643332
36616230333765343963633162373639326432366363626464363838316132663935303233626437
38303930373562646465346536393039623961353738366537303432616263643438623533633466
66393239363361623366313131313866346532383336343265396563613733656339313838336464
63373166366566643936613231623232363763613637653535356634636333303734656133386632
32393032306663616662643639313930373936313664386333623466393930626334636236633539
30313630333062383732656265376232663030666533633931663465633430363039623363316566
31346661343033663636303433303262616365336132363963333336653333363638353639643435
64383962316230336233656563613637313133636430363630613963353530393835653939353766
35663233323965323630326134336565643035653235643430333739383063356163383632383961
62393362393632643865326432316464323831636238366538626161363036376464306165376163
34376565643133313437383262613434636432623964646534363338386437316437316537623631
66653262326463653466363933373338366538383630343465623933626363303865613934653230
65386433373338636362643365643430373965623562353064363730376534363638323635316333
65393361366666656238306537353833326432623231366235373038326563643663313965386235
31376532383632663839393465623539623666643735633661666165663230333265633161653038
34333630663366376139613135633261356634306534636537633631336334356230303039653438
65643333383539363536633734663864333031383966653662623634636333633838333437303132
65303838383834356439623937333335366464393763333061616338643930336539323934646637
38333734336266656632396439626432656665366435663461353632386332393834313933353432
63646637343233663238643936613164666633393262353332643664396131656165316463356534
63646330643836363361656135663561333737666439643261623932316661326234393262336133
39663237343465623563323566376633626233633138666263356239303161623265386136353534
66616639613733643933633936666565393834646666663539336331646562383166343538623039
33636532623239386464343035666537363733373536626235623836633937373263313634366261
32656462386438653164313633366237376631303564646339626233656330303662623164666434
30663830313638323431373961353739343564666463366235623061346134636465646137323135
31626436373036616561393935656232326162303836633266613533356130333732633564313032
36383234303166373462396439316631363233316437383665663537396634363632393863373635
30343636323735663030366465343836376331366439363361636463626637353930326666356662
32633735353634616636616534616662373466363538366163643431303530343131346533613531
37363739663931663635666330633734636339613562323839366539383064626432346539616437
61323938613463643634383233366231613061343432356265366331373235376339666333313161
34353263643538313235653762323163363166326539623139306536333037356265323263623630
36353832376263633334626135633830633961396237396237373337386561353636633732303832
35346363653864643066643132313632366432643130633330363262306131633938643466313636
62383965333637396466303565313665613631316664373232343539633534616264386236303265
61353462623166633665323666356665383430383432343461316262363232316536643461383833
30396561353432613863346661626439386363333562373965633539663738636237303665623562
39376430633063376530633265613937393433303730343234343262636161383335346238353461
33643734633966623864353339383163363132646236646333373630633239346565346332363665
66666239363039643834653733636530383136626164363861613838663533333039326230646633
62623064326230393337363062373333363930353534623131393533613634646638303338363466
36636461333537663366366566653033373237656164626361643033353935313163343437656235
37643065663439656535653433336165653438356337383963653431323434653235646630336434
39303032343766343532623865653234643065643636633737373232376636323664623130363739
66393763633133643634326533393535633233393062326330316233333333386133303264336535
31373062663462666534316362306137376531633033303034653564663066353261343830363763
35313435656434313330353539373139346534343363373263326138663036323032616430313830
35616639316232313064346533323234653538376439646336636134656362626636326461613663
38343361656336376135663466663564313539393738373330333639613530383930383461613361
34326461383332306639326361346366626466643333333632346438616533353235613066383665
66383634616263336432663833356365336361373338663737313062613066623266383964343338
33373464613463623337636433343533306539653933343030613561326338376637613366376131
31613036666365363361363337336261646333653537633135303932353430313766326632633430
37663662666364616364636562643765396535316234643837323364356530306530666432363235
34383533643034613661616235313237346233656365306630333137336262323264373861633838
66316562373931616638353234333134323933643831616565313361366136343535633333313930
39313161646632663231333439393336643164333735316337653531663763376666613962393433
39386638303063343135613265333666363064346533363836653461333661356563323339613661
61303639356632326466363239306232613434353539616631613233313261336665346564376163
34653939353931636264666433356661653165383263383730343830373564363661363037383834
63376236313064613632346366633836396138396165613735653465306634613462393037373837
32376464633734316161383837633563353930376365386131643038363735303437656363623336
66643261376131353066393565623330306635323633306564626364373932336664373461613064
32353063356536326562303363393636633334656534363065656364306433323766303630663133
33313330633637626363376233363961623231616633353764623434366431353936643964373135
30343136373835386332326265333339363431396362376632343162343865363661666330633830
35353462343366653231393837346537633864346333363163313665653131386334383061326563
63653639336239346436633936376233323136303738656430313065306166633464343462336433
35643433663263333834383662323763326365323663623034366333396133643334333964306565
37313766633161346266643336626363353861383034303733386233316537356438313239396631
39613261666563623133386363343738613766616232346166626236663930333634336562303034
32616465633861663530663463313734663834656465323337366562653135343536323766663366
31633064633461366334386361636130383638333639306436383130643134386236646231623533
62643763333937336239623562653461633739303866336365376435373866353164353065303966
35353238323439326534353039363334626137623936363963633638383234643435303866373532
30373662333737383861356235376661333261623835646566366337333864613238383862646532
65613065356430366337613065643238646331663534323963613666666435366463376563363261
66373034346665343336643837303265373734363265306163343635646135343261623830663239
64336336373731383061346531313932343632323862613434373031336236373264383634343939
37653261663234353437303361653936623636613430303038333035336632653336376633393632
31636137353463343863396137373762396533666661396335643637353965313862386631323334
63663162363062383436376238663036306239613266316634366434316536633930323039386333
32383534646563373231333761656136303365653065373135626461653830346430313961663736
35333435633465353437373838666639383563316139636538393439313732396339646631353234
33653731306334313361663335366365636432393732663230666434356238346234363865306562
33633533646331396639363964373837373439336131666130353564366562333437653435653431
34333063613233613737326439396262313838383439313538636438333265313864663130343665
64333131353635326631346261336438316463653061623931623233363639383436326230346537
31373139333133623630643739656536653238346163616364346135393561303866313936663230
65646664313730663462643035636661663261646363353164366538633236353431646235343638
64666537343936343464393962333966353366366534663966616138353262653566636337333164
35393537636666323735386535643365393564376335643464343738666135666163663731643761
64653933636233353534363566326663333433393734363063313739393766646465323035636663
64393231366538346665646166313165353465663536353634396631326436383330313333306661
61316630633861306530653838373638346462613935306139663763376264343030653961336533
39623263303734626333366163346236303431383630636666636632356531633331323462363533
32396437376535393563653030613437346162306534393362643637613238346164313832343264
62613466346438393963613135326134633231346336303566376334383735653436656232393632
62303338313665333963353331343531643362646236393631646161396264323461636363306231
35303930316637353761386361383231653033343861323964373839386166396462333263633739
34386332343230626437366164636364663239376564346366633130306163393564383131666361
65333131663261303731383337323130393538396333346563373635666461373664646334653037
33313039303836653065343065613039633462636164346465323135653038623330613639353939
31613238316238303865623639343636613938646130313339646166303333666230646565646464
63643238316338313866316663633438343532616561646664383535386631343465343066353437
62363535653935633230633061363661373765363432343766613634383163333230313365666536
39396535396466336630306439623033376565363531613862623136386232643834326530376661
62643030653332323937323030626165366238323938333935396635393362333633623138666230
63343466396561323765636166353934343338613734646630316366393763346365393761376235
62666330356161303263313739613763653463653936343039386336336631666361356633646234
33363165653865386166653136633938393832346436353334346564353065646531353836616639
30616561336234653861376535373465633035313834636364646331393239366165616162313038
34306238343331393331613538636461613535393561623539616634633634306634343832623737
30303535323762396162333733396637346465386566393637353032666163313533336632653936
37333064333937626133303364613732663231346132383033643431663239626337363631396235
65366134653834326664646436333963636530616339613363306537653239373533643862323433
35313230646463393439336165653435366337353233306639313163366438613336383766616532
30343636376665636338313464303166326261616366633737613835626163633864646636306230
32666263396235663238646637663761316638633438376366376239383763376531613131323934
34353762303238663764356231613537303132333731373530363138343131663338326163386663
65366366313066383763346534373461306335343361383764616636386639373362396534373835
61343461386435333666366232333562643231313136616534306563643139353061323563653236
66616432636232626331393430663730313731626666623961363034613961363461376166653031
39363435383962333036356533393661353261623065666566396138346532316661343032636435
33303966653931343435303438376362326232656432326533666565333134663463313361376331
61323963366530306336336264306366393937333430623333356134346438383162366366643366
39386632613538313234643066653338626564303464633538653064653635633632323965663036
66373639336239376666346335373361633239383034373630343433616466383763666166316138
35353333333935383962393036633063336133383861646266346335313839643735346232303863
32396365616365653739643537333461356532366238636136666432323364346330376638646231
64386539303130666362396432336134386366306130393633353263376264363836363637333539
33623639313036376437653530353564633738613264373735626235633864626232616162646262
66323164663930633532386432303761636265346532626465376130373638396461303162616536
62313431666539393062353534653464626265666565306435633633613234383261346430356439
31323535343637643932663238363066336632363362316361653230656438383739636230343233
61353430346563623937633738386566376332316533306238346539613236653334646332376336
38343362306166366166353764663362636636366261393430316565373434356163633863366434
31393261366164656566323836663866626564613461373539643861343363373131343138643736
65383834343861616236623634366631313432336361396336366164386139376531373965616461
30623133316330336335313364623964616565653633643136333963323464396534656166303233
33623433346233306665366536386635663362643966303138356132393137653162323764336264
35393737613430356331383365623562366537396339656636316437346537313963663634653939
30626362303635386562373763663338633262663663626134353034613034323332366261343938
30323338393139373864656234373039373131333063656431623936613638303631633032343664
33616435373432616530343531666130646165303536313936623666316437663234626232303964
35663464393564363861323031323230656162323632633038633438643363653366383234313134
39633237636634376438343032666532306630313633303338646530663361326461633238366131
33653435383665393361613538383161333531656532376235346531643736333133343465396337
62653861623936343462376533656661636135656335663665653064333061373565626665616534
66336237336266396134343835373936323931346435633630656265663335636563323732363231
38616239346336666430346436326262643932376337343862333536386635386434376533666431
61323838303064643836366337323864636365363638326462613462633963626363633662316436
38343263653161636166353032626261376130623337613536653362366233653935396166313537
61323933323136353562616236363130643535323138663963323663653639303761613638323461
63386130303138376463396334663166633331366262333833396665343066666333376434326639
33623966376362626533663766373135633131346262333733346136383232343662653030666230
39303934366134356237323938306464663139363232626333376139636538643463386361376431
30343836303836303266643061623233323763636538613561623932663935353264643130623163
66613365656434643438636639626133333635346637623666653934326461323038623637643438
3635
