$ANSIBLE_VAULT;1.1;AES256
66313461373664343330313365613436313936616366623666303134323466343562653763396232
3837356538633238363639663763383037353332366337360a663162363239616264386533313034
37393961613030383462316538303763613332393639336563316335313463633735323230383838
3339366263653461360a393363386435376230646430633935313465386264306462343338313934
66356563653562373261336637666638323936336265613938323436356262353036643632393363
30646534393434613432643737646165333762373232326133396165623064633538633566353961
64643363353439316335366634373837313466373563376562643539313035643333646431396435
33386432326163333765303464613738376335383030663932663561323637343136333336653931
38383165333136313563656431643838306335626538313638373939343030343433373563646332
63643337323763303536656232623466376136663139613433303039663463333266306265353738
61396664323032336234393964613037633037396339656531616164646330353031346266303934
61396262626133363631633238346566346330336563353861623736656131663135633062396439
61396433336332323165316230373832303930636266363264323339333135643963383931366636
65663663386262663462643034653338653666376437343364313864376130333562396266386466
36363236653361353634623138353366386634376634316564643564376636326664396338646137
62656635643130376662363630616165626331663335393033366339666539336664663533376536
39383630623738303665353238313631303633653365643533303864373263313733383763303564
64376138663334313565383838623038336165326163386634383931656436336265303239366466
39633538626563363365613664356633623464313030323137623030633662663534373938383033
38656339626232323838353230383135366538306436316336313936313231633434613639303634
39353438393864643534643533653932316437333436623034643336653361613866623734663039
35623936346433313530303661633938383164323564653036346566636236396564313163326662
65336433326164313661366165316338353931356632353464393736653235396339386537613336
38366333346237356533326638333038636635316338326434373732613238353432643338373934
32623738613933396234363965646361383131663366356365303561373465306535613262326462
32616263646264333037343733663366363434326633383666393964366562336638383737316531
64613734613432323933303064306438656661393330313161643931643232353131366666633033
33386235316130306133633136383765616536613062633534623030656230383935363538353233
63383731633963623934663665353030613337623065306466373465343135393066663137376266
33373064306662623739663936303465313062383634353861663531376565306462336465323161
62393665303934333334393831336465636466303130313532366438393733346532623163383161
63313534393238613935356338666364623562353632333264353866313732343862316432396234
66663066663166383930393162663934643937373431316237386462326230333665326237343739
37663332396131616665396137383330376666333635343837626631643135313334663535666238
34623032393265373061616664393966343836666130346636636231623265653462623666653737
30343334353835613236646330303939646265623236616131333832333566643230633236636361
31376162343566653862316132633561646332633239363536346431343861653131323365643164
30653065343065326466363633643832626366393961313830363063386163323565353337633635
65653631373635363539656132373037386232613430386563666231623066623063636331383631
31393463303937313036396638643430383536656432613637316161366263386335386237373238
34353361303935636263323963646334356463623365363964313862363462323130623839393331
35393332616236613564396266623061356135616634323231323765356266323833333031333565
62316636613136383132393137396534643061656163343535623735373939313830653966633463
30353431623538643365363631303163666132643433333833636663363665333663653366626262
39393637666136323339353563306366643663623562366565316362393363323938656632343433
36306563373530656537653261343562393836643735633738386633396630633736323234626361
62613730333431393537306664626365393065326666373866303135316364616131626538306230
66343965636637636266623931313831333537373561323361303637386666323736306230326539
61383234356637393231373731303936656335373365323861336435313938343433396236663564
39313063316539626139333137383936373934653438623533393837363037623432323732313564
39386336303461396262633533626266636235326133373464653065666365383265623266333337
66383639396531643734326361663837643565333362613665386130346630626339393932393236
37326366393431613633306238313234616161386339643534626134643238306661353563376231
35316133353931626338623161333336643839393538313131333534356436643037323465636331
38616563336263656662323036656231373334396563616130323861373733316238396332626230
62633236623665363666363763656561323264616436373838313536383639323736383839383034
38386137393036636133373966363736636164353438643938663533383331306632336437376239
65356162373932313339656364663263633030393939653832616238663430653434383733653362
39393234653230316433363463396134353137663030653835643862653030653138656536373135
39323261666536636335643038373665323936616161343639643763613533303439326264656133
37623463656638623330303436616437373135656161376230306638626565316664383537336236
30333333343332636332636536373266326436306666373261626362393064376537323032393433
38323739383835386461373730366333653439663466303130623336623564346363336434303038
34343064626235366537636565316161316637646564306562323663613862316533333139393733
35396331646562613035613839613034323732313532383062306563623531643131353135303237
66373635316633313739656333396235343431383330643262373833376136333063633635383134
39346238316365346231663337663539646330643165643135356663316563333132363063613838
31393262323135393361303039303230313866363366653662376133613463646231316433663130
66613137633961333034393238626165356631633337383961666164626565306638333634336439
63326232373933346430336636346265336434643762663736396336383830386633663138346564
37616433643630633935306235326232343739333339646335363264326634333363383863306235
63633231663834386563623538633565323265636133316631393962346139363232326465393264
38636435626635643534663662303333663033393331346332353833373664353264316433666632
38633764333661666261383065653531306234373133363534623362346562663563663938303762
34663264373566626331343736613262326434396662363035356134616131613566313434373639
34666230633636626335343063386338346332346564313366316133613334396437303134373637
37393437663461613437396664353032383765656433336366396439363136306630346531633437
30626666643835643830663336626435643461386264663139633730613063383131656230643935
39316639306161613262636365613663643864663936363932353732613232316438616133346164
38333238326435646532616236313733386338333235373935336337333862373131353864376539
66663936336131666664366631646164303135626330616139323534383238393436336537623939
36626237303466346535386266656334613237373034636237386363653237326462656336346234
65363332323764363831303665646230313136303035326336363233376563633830393139623132
36316635373033653761393165363565376461343663663539353030643332626231323666646564
35646336356464336565326161653036316265306232616332356131663532623636663132626630
38336266643564326562656264646462363830346361666236663734626264323764643737346137
66336338303436306162623561316661653538386531306538643465643736313566313131353931
38316563623732383233386561653339383961643636636339336466303663363635363630323938
63386362393463623339613235623531396232343632326464616534323638636431396437386137
37333933653131346365323434366530646262656466613861383839623661636133356433383234
63376434323562346439353031383766653736346533376264626337373636653462336637643066
61373066336239613630323631376336373436666635623032376335363164343630666663373365
63306533333734646438623361353432336538313339633431633539643766333065326430306338
39633934626330373264613834386231373230643765373937313436303064313531626239633834
35353730373363383630383961376663323130353966326362336438643136396362353330316432
38346162366534393664343534353933346564353738343038643132643738373765626537663835
30373039656435343933616436656237326134313837383238623863356263373532313762623130
33663232663733363338336662326430386438326338613536383339383130336663353730303231
36323938396135316562643439393539656661383262323937316235616536336130343736333935
39616334663538633230313632356230363833333533373762376338373531376537626164336335
63366163306235343831616637663230313134666639356564643139373232346634303538646437
31323165666530623330643435393937303737613635366332663530343837393362366161303834
39616536353563323832323434353339653264356131333638653336353738633566666164626331
31613061373965306233633435383136373734366532373262353763316663663263393034303735
31306537363765623331636363343735323465653631663065333834623962626337366361323466
33353936366561353765356365356435383863623234636632653635336339303765323239323235
64663039326137646331623731616632613333623036373836356161613236303035353434323238
66333336666435343864376363303638626263323233643336626631343535393036313633666463
66626533353061623531303736313061313932376137623364613763353831366637326538363061
30653134643866633539643636366538336438346432383235646434643662613833613839613837
36636533383362366636633833313432336331656561616163303439373133363830326464323332
64353763656361323431346230356138643437623137633838663863653633643262643065623730
37313566346665323231323763333432343264303961646361343230393734613039383963376137
63366132643139626636636536323636313133643965306533616136633034333734646637623562
62303932643464313633353339393033336665313239393939356436653339303163363734623730
65363939306530323966393032616636353730306661346134343832646664623338626432663237
38336239316239373635303336666362343362313230383934656364373361633837643033313363
36343430376464303163646239633932363365313039306562666636386564633636663731643835
38306133303161343438613435306535633533356134366132323832613435653961333931396239
35396235633432643237653634633265633565323730613732383065646665623936623130313262
66326333376566623933326634306232633866643136643666613964653563346238396538326366
64633761623331623037613239316366653538613638356335313532313565323864616634333863
38643938373738663432353864613561333762373933613539396332366365643435376132623934
37653338626637333830616335363830313061323336616338306631306566623162363032313663
62666130333139666664386333623165313933643234383566333831356230306361363931626231
64636363336661613961336137303638643634653762663033393931383537393964626566303635
32613762303631336633326132383832653730633464303235653266663932363835656639653638
63386137323262643766353463353430343662366366336530643039313262303931386636306438
38663031366464326632366231333038303537373037613539636664623038653335643637333263
63313538616238313736333037303030353737363362363962323661646566646461373231623336
31633366343032376338383430646465666639333861323538353738633432363334343832323561
61383938383963373361303866386263643966366530303535376462633563373164373464363563
64383239653463333562386161336230613632643835346636313864376132316631386638643234
36356133353166303730626436303361636336333665343136626439636565623339326637383661
36326638663030663961623433613032653935646232613361363464633162653236366261343538
34656462323734333836633734613934363136303538653163396665643438323061383962386432
38313139346136613462366634373533383231393432636230373135356532313438333963316334
66386434363162323137633666386338396333343365656432303861623134366538356233336438
65623239326236656662323763663336343439643261313139656163616538363436323663643262
36383564616534353839666332626661626563663030363462376461363439353661343364333265
38333665323766616463386164323130363832373664393734383236643661373134666462663733
34366631363833663338333435323537313865656539343631323237316331663932313661623066
66626435376364653733653864643563336161663261666333663138623237316437653737346263
61663331646561343839623062373466373430616365336339343336653738373235326235613134
63623134316665306634666366336234623333323466336638633136313435323330386264623030
37666536323830636138393663623439636336623438333463343637303662653839343763326438
61326165663039326537613834306364336665336336316438333932636631316332323365363464
34613262323061363830323030663630626330363265306165386164396462613862653036326333
32343134616364303735616233613738396639376639323536343938333330643037653561633833
39346137643962666634613833336436623538306635613238313735303333373332666637393133
35616431363635613332613336306539633937363832656239396566653134633437323036393862
36626639366265373639616533363434303061633735343963306463653661313934643930663238
66336130623731373632613466343234363132383130356364656433643237306332366532636365
35303130643266356337653762313264363236636539333532393835353532346361633165373238
65383434376636616636636439393861623631396266616439373130323766636661303431646338
34323462353861313032613362366163356466663134616137386135346333663439303435356534
66303162383065306531653263656234396563616464333562646531613965666338333463343432
61376562346537323734656365613335383732643631666331346132353139613934626266333363
62306439333065333538376431383532646436346138346565656564323961376265376233356663
64383036393232333765653765643639353761383161663330336465323734363163306663343261
64643265636436376335613262333331303730373333373363393262613736646265303763353839
30373135386434633963623939623266356161363564323266623233393439323235396135613732
65303338336136373266393065633934353032393032343462666561363331336336303633346538
30383061643437626663323463396430653762353730633134646432333734626431383766326534
33326136386563313464343833346635336230336164346365643964633330353737353730656333
33396332393933663765663333613664333530646562653065636431643336343131303532656365
66306330643666646631633830393632363730353937626132616134343765366236323137663537
65366237306639646432363133336437353331663330646339346636303230393332336233396265
33373434363534376363336131393335336165623331333862383761626232613538346132366432
32383534386265356266356338383832636239626232326136663931393736616339316530393761
30656437353738663166326435313164303636653034356562616132356530376164343963643737
32306431376637333636353132303632366336653765323261613931623935323332633435616564
37623066613537313966353730376332363164356132633566626366616338356163373862616336
62346331306363646234616335636536346436643031373861623039636264383239303436636231
66656165663735303861663838363333303731306166313865653463316266353362396334333037
38373435343838393461306335333337613564643532316662393064333736326263343737613431
65353230613165316338353731376435393661383462383039393662313238393435313230623137
63356538633833653137663261363137646563363531666636343036303537336431653065326463
64363136666131316131386639353334353135306237326432623835373965343064626431353531
63646530383834646632633932363162633234343732396236363566386164633034636361343937
32356634623733646635393439393839646636613538343930373563343438623333383366626339
33656539376331333462393533626261623339363437383437303132386133613361666362653435
63336432323139663562363334393137393636623038666236333232313061663434383034623363
63666236313533343738623762656530373938313634626131343765343033363434636666323032
61396130336435306539323933373435373533613939643539613766386265336535656237343831
30383638636462663666613734653337366434396331393333373162336639623161373365326365
66326362616564646631373931613564616139316365656466303436323034353732616165343531
61363261373566303162663662353437613664386666313134373465386630313132653339646230
33326235323636393964333264653066626366376233653764393161646332656536643766313433
62393939346335616135373034656661653535333037343634306430393363366461363364633930
63663432633265653862396161363334363430336538346463633733653138623666613930386338
64623230393738313137326161396665323162353966653962653037306537626138383334376566
32333633616335306532383931353261626166626661383230356662613364303539643664303737
37646638653032646533393262353561303062633835656661666237663163396362353566346438
34306532356564333835313738623137386433303435366165303735663938633135353661353233
62353134393265653261306162356430633464666338646633663837396332373734393338636563
30353661653834383339393231313736636166323530356330393036336163633362616466656563
38343437343237343531343136313636623336343734343831346538623630366335623263303465
31316462643333363931356339343533343435313832336437316633613266666539633461633137
35383535643963353066613862613265333164643331356532303130646238636538323666353531
34343335313336323539333366623937303062326634663438366266326435643530333638393961
35623738616134396163316230356134666630663133303835633262626264373537333337333937
38333938623739333032656562393230376336373330623538613731383366396562646438336336
35326566626539383732373032306135633832323630396132373030373635386531323835343462
65343362623436396133316335346232353961313539386535383233393135303166633631383939
35623636313537613630393664393065346134373336386335643063333436366263316639663964
62656435623036626132393132366236313463636136616365343030343365613539663139383238
66373838613963613665656536353231303430663263303836643931356137383335316464373337
38613832653662626431353334353732316566363938656266386163393733343735623532636630
65363764373131306136393166383332386163623534653764363532313938376537343430376437
37393064336463366435356661653636333731653062643265616638326337303461656664333337
33386433653439376432373463626266623035613434663965393164346234376338666231376438
63626634616366353839373961663433333831316334303561663733666435373765633235653637
39616263666238333363663737306431663930303533313061663134623436633962346161633633
62353835353730633463323833376630396364363534383533383938643236373233306333633235
33636330353535613032623730333337663463633135343837396130643037313663303936633439
37313335383533623262343463383730633763643332366235363433353764633532623633653438
30323537363961653937333833356632313865386539356332633261373735643565633134613832
31666532326664356663353362353861663937383236313832363866666163623935616561656239
61383833303132303136
