$ANSIBLE_VAULT;1.1;AES256
66633438643833336332363530303136643232373462376532326262333936373362653637343437
3438306636343439656233366237346539393266326366360a313231353435373837393766323235
30626165613739316235626634633433343933383964313766613632356638636264633566383231
3731306430626565390a333663336133653261663333623566313165336439663333316139353636
32646333613233356435346336316532376135343466626633643031316538303433383837313930
38623739613632653065373335623937356432366631633030303138373962623663356333393431
63633939316464643438376331653232323939333330396331383938653864396363636639643339
31346238306334346665636336643061653933343330353936633739346332383864373161323437
62623563356235346638376531386331363239613634643537393632646334346236666538643636
38636131393061353132623735323734646333643661306434633166663533643930363163363032
37373035396631343139623462303263613932653364343035393638626337616539663766633266
38396339353739386335373637633732663961626336306365656334663663316630346364656433
61313635343132663532626264343461666535383161663335393665386331333930663164393239
65386636626464623439306331313131343231656261363566396630323066343938306332626535
38666538343562343561373536333330643938363363353761656139623438333035396566363964
35363033316131666238333635376230396265303130383434323439613930383562666231616266
31353036376430613930323161613938623166373765646539383030356138646139613033356637
31393235613566613138313764633035363431663264326365363430326638663638646662373930
65646434656364323033656333383263363437643831393633313232306163313933633961663666
62363739633836643466346363643936333630663763393134373264323338343332323632663532
38626538363966616466633764656365663666663531666665373566633762373335353538323233
63626538396232303132343336363862373863333438316364353930623031343061393563373762
63333337363563616366666438633866646336396630613834353631393035633932383662633030
31363066353335316539366363656632373130323562643463633430663836616133633635636339
65316431383362626466396535353461396366616334313935346366323430333139366364303262
64316332363965633965653431623261663362633239626530616464613362323263346365636338
65636135313736393464393764333237343364303436323739623431353638633234343434396336
66656361623636313165663363306334616666373463643963376338333661623837643530663863
35303037366435313131663561623863396138336533666332646363386464366161323066623462
38623361323434633638326631316235303631326563393161353664646439666130646430313762
30633734393065393631613739363736306564653336366635396262346364376634373839656463
66623739333333343963643963623431396664613739376661313762386665626335633038376630
36363836383262356630643239633364303037643439356464663365653565356564303165373232
39646436633434353138343131356535313530343437326362346436356335373363376661323432
64633138326436326234383835386262376565353363353165353536613533643830343535383838
32633164383266613733363861353238613330653636623638646430646361626639323965303038
64396433633236303731663436636566383365663237383736633062396161323334373662653736
34633961333365376435613139623838313963353939386663336662326539393834343065646631
61383366313838616139643965353966316530376165643162613864303930663263363330333434
33333630643430393933396132383436663034333134343765353237633961316364313939623035
36323361616163666265366335666633366562663934366463326633313639656263643833396330
32653065663039316431643537343937343066326237623366646133373232376362323238646430
30393361623635656235323739633435323030663535396239353736356664396363336635326465
36366337653438316132366161353939376331366139623838646535653565616436313337663863
64343036373936343061623231616630663534663534373864363831336638396636326432326431
66383439306464623539623537356131313761643234393537653962383933613734363564303663
64313933313436653561346538396563333436333237643131313032303036373738343162663562
35396366363566336666396663643332626637373434623134376465643263633832613533386635
66613764383861633661656536353264633233643330623038636636663532343531626238383932
30656534616437653137326532336363313836666364326466656464633533333939303766656666
30303436336231393764346434343438346361326230346462333465656337326264383936393731
62666432643235303065653735646234656134656466333837366663646331306538633336383034
64346131366238313233316139386634643030643434643565343932616139633734356434356336
35613066363163316232663538326130333065356337313735636662623934313634396532306432
30353338336362613662643663373333383135303237643133386265383236623239323262393566
30303432326231623965306434323537363437656564356632326462346663613533386336643933
66646235643964616663656434353735303230663563643331323863306365663362666163343762
38303961643432343131376237393630616561313138616136356263636331616338666335373865
34633464663635653865623565643063393665396130653962383937336262656532386464333763
31356237626135613230313465613761343938363037623262343238313864396335616339656134
35613733616133353963383233366533326264313734613363663763613665386166643162386531
64666362343039323334393535613136333831333138323663366434366239666539373061626561
66353435306361353436306432303664336337333865653531613465313564626661643464393332
34323765306264653931653236623737383133636135313536356461656232623931623730663830
61323238363731303632303238316536336563326639336565353063323536316666393338343964
61373135356339326665613665613162326234373031303737373134313934383464386366666539
39646565613533383865616637303630616132383065663336656362326535333133336636643436
35666264393432373032663132386564323566653334313532343865393837363662663332336636
62306232656365353435316336373032366161303764643866316361353230323839666338316138
66316131393031646662636434353930623763613461393763353964376230326561623065616266
35376638366364376237643963333666366238363265356237333731633835616338373834653463
63363163366462353931656166633464623235663537663565303761653539396632623363336161
65326333303939636434366437343534336131323163613138656262383032653962316430353431
63303134376431623236613832323561303035623965666633623936656335356464356139643766
65363834363465386531346637313265643433616232363635316561343432353237386237376164
64653534303035343730343261646537653634383531633464663565323137393530373861393234
61353062336264393963323733333231646663303637636566316432633464376133396164353363
32626639333739333835336163623635643232346138373438643733663137373462373337613563
34626635396232643063656566353838643335633230396336623435366537323862376438333335
33636133333162633132336666323065343962346130326331373836386363616463353962306535
30653231383637386634393434353230323534303130356637363337393832393562313034353934
37393763333636323766363739626539626365353665386535316564326336376138333334633266
33643137393561323537653434326565316135333030623137666362303162666131356137303734
65386463313935393538653539393366333537663336343130333933343866393830633335316261
63376237376132656263643335633963303939323062393663323339653439333136386536666337
32396231356262653631316233353239383134356337356263353039326266323564366331376438
30333361613963646563333063366335333763383166663630343966396337393364303638393736
39336265613333326563306262663436353733616238653966323334663236393931646362336236
35343964623635313237373963366566626166386239363430343232633563386464316466653464
65626433653139633336656366346636373935383038386361623861646636346163386366393865
65303532383231646130353163303761643066366161613966663638383562316161656261643363
39356232643637376539616131623030376632636637366631313766386135333239373436353933
34373139393935316362386236626330653366373530323766626466383331636264353561666237
65356566353833633265383635356233643563636163343162613937396637333066373331363063
38623730356535373762303266326263396530656231323161313239366464653839313363626534
34346630383835366563616538626237316636363765383565616632306231333831316235643634
39656432333437343364653930663434663561313031393033303564343938306530663939366563
38613439393739393966363538653461383364653737333931373862653131626339303034356262
63363862346361616265393039633464393837353964316539326630373336326565363762306530
63643839323238636635356564316633363661646265383931386639643137653439633430373439
35323137656237623037393938656636373132316636646239326430653761633130613137396139
32393763363630653165306432303362346138323736396138316663613530393633386539633638
65313333353534326362636338376336323935396362323661626435386561633864373533616562
65326137316237373165653763636634376230313964323930363834373763333731646436393564
39363539636664366230386330643433383736646235666135306333316138373532643036376637
66333437353963623930363138303832623664626539386132626437343234366661303539643036
66346232323664666262656436383061363633343261323165313563316265323438383264643966
36623934623438306436323139633937613534626565373035326439333962313961373533656163
37386162653634306139346461313062373765643937326337313137303039376335666361303631
32306265306431666538663930326537393537653639656131373133383232303163396163323265
61653234373537306336343661396132313837643963616235613434633931633938313439333464
33396666363437663533646461643035623737653563326539323361376161376535396236333561
64323531316432613866366630646238663932666564383132316562393237343162643838653961
65353035626636303464383636326238326338393530646463623866306337363536656230626435
30363635316435353166366336623830366532623438393730643830393636333930663938633061
66333630366436653266363638356666666532646462306136323133386334656631643362616132
39633862363133613733323262346265653263303336333834306162393831323939663837666539
62323939663638373630656634353563656662353032353934623261346331336339656235663361
33636334303434393635666637633339663239653035646433323438626136393130393635613834
61323432333861336663623736323039616162626666626665383132626636383035363831383230
35626562306564396439616662653730353732373734333761396230383032356132663063376438
34333163353564396337396665386439646334613636663030663139386633343433666231323534
31643438666563313938633962343263353761333364666339613633633565633263386464373162
35346266366161666333366666346365656363303561613633653539323461643134303361343834
33303030663263616339353463636461623762323962336165306563613834346533646530393464
31306666643036306437343539653062646533356330613434316466313737393937613463613732
30613332626263343864623263636261306533613130353262366264316664353438633430653836
37383762326538386166306662613262343136366333396365306331636334626662306433313939
39396161376565666635356135633662363831313262373331623037636537366630323730333261
66303365393031646636613265303733663131396263653534303862633363616633656466616439
30636132656663386361636665353965626363656563613135373338383838663663666230646333
34643063316530353937613566396164666334306665623664363938383436336464646337326136
35623666323763353732313563323161653330353239373832376235656463313637653733653133
39353331633639323034333533393436383831303764393832656263623737396666366164363365
35363866663530313339643764326436383131643033383931313161656333333161313466633365
65376131383233636633353331646435653031643133666431383533383334616137616636383135
34326463663061313761666536343666356433643335663735363663666230653562653034613638
35396166333362303866646134306531366464376561323032313430626361346333633731313465
62363733623930623831633561323165373165303265646133386163393937373062363031363564
34353337643465396638303430633039663435303635303865353765373330666462383836343636
62353862663162626262333436623731633537353937363863626263303434633961663835343836
66376136316537626333373130303634633937336463386562333430343266396232313330653139
38343537343161633334326432306338316664336537386431316538643365316366373762366531
35363130633266336561663933656334396331366363623238346532366634303737333064373362
35396261333031626161663234333661386631663632326234373732386337356139366365366262
62623761613739363436303136623536343230393739623233636334313335323738323362303339
31643032333133643637653363343965616337646663623464643338613861643964346632653561
64633934383362656532353132373231383131306263333436336633663465383831333835376533
62643065633039653364323763363039383636363631613064366232343535656536616639333731
38353136366433303165656332656331353739373462613636616432313265656666346334363936
64636431666666343332336233653232383263643864666261383664646162623762373862353130
65303762346239326438346136303861343764353838333632376639613336633566393231313864
35646139666236383732623063666133653063633562623636643462336535383130636265396561
33653763323131643131396535396438636138666331633734633430373561626664306632653034
32613632333366346634653432316262383662636236346465623466336132376466353731633738
66366232376265353439316636663663303565376537653763323461613732623430643736626631
63363133376663393638366338313437623166616337373536353738666665643038373262323762
33353363666538623566666639646564653835663831363662626566316562393664303964356631
36346339306230363762636337323731623231613262343266613331316634343835376438613465
65366237316532626631393631313338363461636362396664363138366336316366346334636531
39623835353636666139613036313434356663613330643032373432343135313566653666366232
36666664663961663632636562326262643465383738363035353765653938383462316462316434
36383833656138366232316430646135336133383563626138616131666338623862633938663837
63636333306134313135363337396434616464653833653334316534393139626533666231383631
66656461383430393835363164393339343064343965313237393666376666393462623861616365
63383366663832653135363165373238623533633466343961613130646136356265306636303134
34343362643638363637383530616164616464313064663335353561383238633564346139303334
61316462666438373931383032373566616539373565633535393231666130346566303766376161
32643934643632383532373834646433326533346663383262383736306436623236333036643339
36636264376431393466633436356261613737623339666663306138373862376436626339396532
34626233363763636366363465636138386438326130653739633830663463396534393332306461
61373763383436623561656439616266316439656632353039323966643565383032393164666532
66623632663436363862363033323939623838616530393733383938353962623831653666333639
34393861373162643936383263663832656133643664313463626164663134316365623431376339
36326237383935376263383561356636386136643530386439333162363361636634336437633864
34353162626237653465313034346461623031376563363831336335313762613835303936386233
63313338303265303563396361343839343434646235383765643638623631636462333636386564
39383765336636336139376563313133306164343036333631313764363362333063656337303136
34626532383535623666383864653932393661343034356663363163333734303064626132626336
37333461653364303534636339613334353866623430353332303837333733643964616563363031
33653864653233373262346134383166336235333536653466376463613034393336636131316238
63343334636438633736343465306638656565623536303534643634363763323138306537656663
39393931643032336436656338623361373562353965393230343332393134356562396435356664
39386230316538316364653330343330353334323432303962616664303665336336303130663235
66656266303034396432326234643363303165643664366464383862626263353233313433373730
30333433396130646231313361393265313463633163616538616430663531323063303565656664
39383535613237326338386233393732363933396135333330613232313734643236613438303361
39303666383231366439373639343161393339623964306231623064653265663534646339626438
34353462666236386438616531316139643261333963343438636637363964323535643239393766
64616265646535643032663934303630373938363532326364316262666233636231373261613138
33646662633238376130653135666637313735343536666131326639613663373531333261633564
39376262653463656636653831396633333365623930363338396239303133376333626531316661
37643063313430373931643836663935633766643162383039663666386661336566616462376231
31623139653062393563636639666632383431376364303931663766623334636464656466303939
61383935316464643366643836353863656466343438343262653030336332326338323635326538
63633364646631663834616265363339303961336633333861653134633432323535313831616563
35366630646137393961316537333434306231626364396664623862376430343631663438353930
30643539363238336162643362353437366265336561653164353038626639663665633165656261
66653464313033623733633233346333333330316433336638343634333332663432363039343835
62303234333963333736623638393038386561666266303737643536336432656265623532396434
63653065303131393161653763313837323361356163646239373537376538303432653837636362
32653434313535363265313336643738393834643936633535663839393437636462316666316232
36386138366235623066326430383832343137373962333631396363373737376132303530663061
37636263633734666432333532373363313865323537666565313464356364613239356139626232
32393432383162356164353861373534633166396335383063316531363230383339366634633738
37666233356330653932376535346135633266353933663534326138636263376563383565366636
32366230643366646362333833383066393935653031306361356464656161396434346332303264
36373962636530666235646530363439333764373630363238393562376532633061303261316433
63633165306162623538306636646231363337623631343736393333656231303837373136323735
31316534326466313532323634623533623963373434333161343930616435633365643030356562
30613462333433353838653635376531623061363062333731373162356461666365336465333930
33373962343631643334653736393365626362336462633966633964333439353166323632336433
31623066356361316565636433373863373565393433613933663362333736333762363831353563
38366432373531626665643835366135613161326163663464336137343235323332336636316563
31343337393165666431653064366563343237633566646638393633326663376165303939363438
65616531633164373136313830363763316662356332373536356632393436613935333631646130
31336463313632653364636666366632333239623139653262313734363263356537613830346265
62633761303165373638633033346335633232343535363830396334623038373339373830623532
32386139633933386335373136303463346532656164393038626364623535323563663938336135
66373065303264643732326461663161313162616437366532396532626261663331386465646563
33363936363965316530353163633437663163383264643334306430373233366535353833643634
35653861336163346365336234633362343633363739613361646432353239613235366563323762
38316437386666353833383231383239643765663662363631623331616230303262343366343932
30633237353230396566646464396231343031333962653162663162343339643435643939656635
61316634666439323134636336623664653461313738393961363661663466313431323639353535
30373734323931646630613464386166333762666562663261653565346264333339303566393964
34623938636433613934653937393266613131343263643330376366373031663931363463643966
38303831373336376633666231653933393434333536623432653431643062393862633166636461
66663263663363653534373937346165646535643364336132666333616163666366323365636362
31376261396635653135646163303038626237363638643237666162616361353739303832613838
30646362373263623061396539643863386333313764316138303766313961653037613836333131
61666165396465353066383237353464346635353161333563633633306635326637373537313731
62383163666631643863313236613831383030613238626135336261353565363133633038326262
34656139353230376566313337643331323637623337393465623937346136656331393738363764
63623234366634646332646430383837356339303361646233313666353032326566623239353231
63633438393837623165656331623036646162373265356534326463643666643432323433366436
36346634646234303333373861393162653362333138616364633430633734346538336161373032
34646364383066343636343064353336393236333566656638363965356536343133303261643037
34353538303230303439623965646464393835346134663531373265666264343031393566626232
32313166393732663135623333646432623735373438373163643239323637363864396561393734
62653966656638306334323438343165643437616530336435393433623163353538343538393637
32303231666532616531643436313036333734643564306564343662376234353238343163613131
31396336356462626433666630303266393262643338646137396365316239356661343164356461
66383231306165383030373336393863323665353936396362373465663361376266366138656462
37303033343932336134333633643664623737346238653865313732616163366264643031633831
37643936306130353861333961303561316438613935643838326465356536386463376235313763
61363964666639656135623862643233626465653839663266623735643663643030333632313631
33626331613832346639343765353063313931356535353335346530663631643962393562643931
64356637386362343036663765306435353764306335383032366237356563336566346565373236
62343932656631616161343666303061376566303932663633383762323332373665303235306638
32363236626666643635633230633735636666396335303634326165333137663566646539636663
30623935336330303735316335353033633939383932363734323462313131333734623631616465
3835
