$ANSIBLE_VAULT;1.1;AES256
30646435383765366562336633316634313436303663366166626234376238393065306266313134
6636333234333961653361336231613837613232363634310a636235333933643438656362383132
66366630643030373261653961663639663762636462313166333930663137666133363463626165
6535346561656437660a306465353165396338373265313231383331636564666639336438393662
65636261306165633939373734666262383031623138373838393432613164646237663961613961
30393638626233396136373333336464353337303030303034376361616537363333663162353964
35613063373738643935656566383338313566613766616664646330313038656230336231653232
34373336613935393238623663343166303539663530643037313039353063666662663631316539
35633839303163326266313462306434353635353666373464636265313966656261376665386362
33316636633433333836333730366636343866396234396631626135613734343864306266376564
62326435663461613864323639613538303663343236343633386638653532646663303261326634
63326233643635626130636665363564663965633039353064366161363532616564656463653265
35356532333730373964323765616366616137666261333338626435333162316137396530623761
65616636616139646633653864613031386439626266633566333266346532383435353331386135
65653336626663363666326339396137383461663534633862326234616432343732396330643632
37323362653361643039646333303735386534306239353036363438336466383633313661356332
62666231383964656630663036303562653163393162636465383865376461343463656363613564
63636465616430303937336237326261633632316261666262373134313532663362333366376662
65396165303437323939366364616266343236343535633763396633616330636433396465653762
63353238356564323262383534313666646338343265313861623836643338666633633130386139
64656230343537363130396136643437313438633830393965653033303730356134326662306639
32343963653835336333373533316232616564393435333430633935643264666638343434383063
63623731353366316433653437623731326639613130643035396231376134303536343635333165
33306637393431333964646635646539373561376530396463303565653931373261336261313237
63623766366539336563633938623535613866326633373133353032653664626261363133303562
35663837656461343866353866396136363766336238306238643566366265383434313235396461
63313333663565353235336639346632376239313361666265646531356334353131323962383966
30356436396537636337366135343162343165313830643336363661366163343331303432656531
65343739313064633965646535393761653331313462333637663863343637623766313964316632
36326634303737316431343736616262363733316339393132313961396165343237333861316333
31353435353732613138633734616361343034333038663836636362336136323836383038316536
32353061643061646533666661613232303963306665363165643330313731323138393364633962
31373132663336333435653431363963666137663136643438393030613139646632343931356333
61626361303333376466373862333930373065306161366530343166323236613530306239643133
33346662623361396135366266636161326465653936626566323864646462316534313634306131
31323834303964323939383030333531306562616664356338653636323938316431653162323034
64336335396335386436383735383834666136346461383939323466383131646161633035363039
30396535343336353232663738396637363039393563633037366633373331613336626639353432
36656462343234643532393839303765333031343438333061646565623364653962353563386434
66396532663866353138313937306461616136303266363334343733613138313461306266353063
36346332613337623336616438633161653033336537346637333931666565616336326664316136
63383432616333643338663734613533323330386233393634343763383734383230623964373461
63663039663132633539363532663830353432653234316633663535643030623364373931383430
38383861383933656233623139613036643762613839613632303239376263656466646432313464
37306462383463393735653664353864616635326661633538386666376336363964356165613830
61623538356239616432303164343761646635636236383232613734366531393439366337323038
32663631646631613062646564363937653430363531656430336336633032346337613635626363
37386631626637393735313766316333366238366232656661386264643965666662336539656562
35376535396366333935333861636539333861356531646463646663633930323737343532303736
36316136613230616131383061363864306161383636366237663038386531363862613733646366
31343266613537366437326339343731383732353731653261336437653366393539363564653530
37343634393033366466383563386663363339653435356361623433313837383036366332396361
32396435633631643832643862373838376236613434333566616564636537636636333436653061
38396637653939366663313965613962633961616634303231336662383139656361636166343963
62643033383135336238626638323738633134616366373534343736353038363163343638666464
36373136633734323031353137376533623565653731616330316633346461373735396139376234
31313635353064363139303666653234393433663161656337333365326634343661623366363134
35383364616337383865373261383661343639396139643462306232646563383937623537383930
34323463663634396431366133336338616431376433653933383962363735633834613666323735
63333965373239373334333735373965386234643632656137343336313062656231346665333431
36393734633462323834656338663762343033323565333161646161383734396535336334303930
33633564336630613830663038366537363266366362613632643365616432366237383962616432
65383262306238633062303936383833376635613737663339366562623834663562666139353231
30656661633232316366663632323236613530303665373936356136316664333032666334346635
34353035303439626661376637636466663362366561333439356565316435313237383239623961
34393435343130623261623235616334326531303661373730353330626262656337653639363833
37633137613136303331613734393436353661373939336162306237646631316463613065636365
61343633343764633339386339623831313238323730653139633233633665666339303930303365
32346132653434383838343731393030316434386434666330346333313864343135326365306333
34363936646166643163396339373361323066313531316238366266313464656436313430353461
65393964666639313562616166653961613765323439646361663266313830623636346633666266
38353432333332373262396361353964343136323731393165323065626433386239363735333463
31316233633831613931323439396264393864383631666337663438316636323132656363623765
39623063656134396536366266356261616138653762633533363266333164396438393532396433
63303561346539646537323138373933356634393839666362616338613865643665653638316134
64646535363963663832353361376130656661336331643862313534356539356135383031653630
31643635656564383230303266656162653166626663323239646538646461353639353338663135
63383535393537643364383631386639343734666333633239636633613065633963366337643662
30333362316539383633633636623031386333383064313634366164663765313466643230643132
33393763653939613566353235303866343133616663633630326166616331376630393934653932
31616465613435333762663533333230643434393930376231663865653133326531626661343733
34653930633333353935383465333333306431303664333633623634303938333635613531623366
61656339336434633632333336376239346464383561393339663737663834363531353363393739
61646139663033376366346266633336333263663131623062303936616666613634393733303361
32633033613431343936333562303663393339396430396363646334613461393832616636633265
65636262336434356165663966636337383737396437613363393966346630353165396664613437
32633739313837626438613964633661636266656561386363326261626235373266363064633638
65653963656233373230643536333634303763323631356335383362343262643964396363633435
33643365353832643436356138633530316466313465333666373061323339373864353737346161
33633866356165613461393035653339363761396163643133663332343736313330626534626466
62326432363838666331626565386431613130623135303630613439386634343131303133616233
35313732363035326133616630653162373938613966356139313933646563363033366263306261
39396465383232353236313933353831343462353361376534393264666132343235613037393338
38346135313964313162343633343438623337613564353735303162633166356533346536633731
36396630316339306561306166616635323536386166333134333130663631653131363064653161
30313530663465373338613939316464643464323833626431323037366261623062303736373330
63363037656563626139623863393237313566333864383034613465383634623961313638616435
65313065633232353362396133323763313235313638353765616161366530653638663463613336
32633362393230336138383639376236623263316234356333326434653237333437356131303366
64386236626366373833373462663431353736353034353931633833383038643665346232353339
64373135323666636266623165313461333663346662393066636239333637653931633562383565
33323262376531653031623261616231383130393062383833616533616263636536623264623832
36333238393336393930613064383965363131363264373930393266653933393061396639636364
35346430336363366131343165383261356135393766333835393539613833643964363133613866
66646233366365666232643530306636343035656161383264306232363966306161633230636166
61353630656635623761353339373835626230343462313666356433393363323562313838363262
66656236366261623739396632393061336565396232316135643632373564376366353839636433
66356263343833323737643634353561656430333039373837363761643430313663616665656162
39633435373531643466653564666133373364363562323064383162343739663065646137666165
30616562636637613336376534633134376365633264363933303537336531323130386133663337
65343430636236313763333931613633643731333131303762396235393761353434393335373739
65303636346539663434653434626366656234656232613332626363343637613764353336613865
38396430393339333431303631373836386432356666376137336465376137613936613033386164
63666330356135343839663866653637323666653963343635373431306165623635633062633237
30336361373262336133666562383834373533396638343362386433376463376433663037346233
62623562326165363137306130653264623534623933356237636531313563336239363062663037
39376662666133356436326633376162636465646261316433326539346162366331303136353664
31626462306634653530633739393835646237656266366438373432326433333165643635643766
31663532343164343835653166326135303838633539386262393831303463366239306231356436
33393364316631316537326439316266623031303762346632356334316566633165663463336361
38663633336139306463373433663935633965396465356264306330333839376661336336376532
66303536616538623338333164316232626438306232346537353334363239653631626337346333
37306632383230633337656561363033636364376333613535383633313033396364326136343339
61326363633538646534323539633232373437326635633662333134666531356638363332373636
38376530666661396630633165643564386537356436353930643962343863356464353831333662
31383236386463613736303165613531623061633939623666346562316662353565303837346539
39393732633566666137323838666137656339376365653136326233343939383337323639623535
30333561316538326434353635633661623336353032386137343665656263313764393861373032
64653030323432623533366462636564653532316235343233623235663466636634616262373366
33393839613666366531306463323638393166343164316362366539313439336131386662326363
36633633643432313165353066616534313164313435373637363133613765613237653865336662
35653064373537363162336365656365633463386435663238313734643164396235393439366161
65633138663063356136633334336462623766323632623937383737393661653966393130363663
32356461333164383930313837363765343464616537363666616235363239393832306465306430
65633735313538353366616538303234313639623766363862386661623262663363383866396331
36353736393462656637383138333432343161386436333664393161373365393230656538383732
63373335613836353464356439383066393865656364613334613264303036383265346266303063
62396434636463646435383264326365646163613633346666633438313263383165323332633665
65353936303835303363666364626331353262373634343435366436663161613138373563383661
63303166373530613762393066656636376264383937663131643936353939393964333564393337
32663666326363373336346564643839323732636238623863333839326139396663616164393434
65643735623733313339636561633539656635626439623864653663396235613136353766313262
30333432353833316339666131303539346231666665393732393363613032303561333366616632
35653461313334633130356231303639663034333837393636336630323634383332353562613434
39636532313335636239386535383533316433316437356232386566653833366439333261313134
65353161303266633039366366353433646662633338616362353738363831343861393733313765
32663235326236663432333631303163373132366633626431316166333564376337373234663363
37316634656333336461343738376265343838316336653536666539343531653231613735666534
32363231666239663965323330656236613636633263653766303931383538343430343934336166
34643338613264343636663136343939323865306638383463346338626633396238666462663364
34346566323034653461373331343461343266383533336661396437306539316665626263336534
33393964656534613364313634666364306434643166653136633831383961343966663664323733
38346634373834656162383333333734636636343633633465663161373038353662626137613539
66653938376630373536643165666636393561303139313866663363323931393636343065346261
62626136613535363666633530613833346432373031316466373237363566663634366336356430
65373634366365393264646630326537646530363536376539343665323033646137666436326231
66396166326665353662643635373162343665363931616236386339653830373437353635386264
32363163633531623132353665373661636538353133303463313731336434396339613963636461
31386562623830353231353935376636396633613361626431633962646635646266393334646566
65613039643938653337616436646562373261396565363366336131346138613263623463623034
39313063333237393933653764303037376261333533376535316661333464653132363830336232
31626438353830376561666264336662333361643430306430326466363964636539653466323531
32326236373764353362613166366364333031353066666236383862656432663839313263653634
34333733326439363762633137346432646163363466613339633738376164616439313366366234
31393562366261326338646631323733323436616538343032633131613834613731306536653531
37666133633133373366366564303566343437633865346461376263346137396637643639643339
33623738666336323462656465626136353630383837303536343366326361396635356231393333
37383963663265323861633963363835623362386166326563653934643738316563386434613862
38353934653838643731363932633363343766343933613032383961303933396337653935656139
66333835353164613434623134623832353033663130336166663931663330343263366264613266
33663561323462663030643738623139306639333939336138316564626266303039323434313737
39393139316132623966303937613162616130316336306138633833336339643538353831663464
39663233626238376464396234356637326434376138653030306430346664363831633762613231
65333261363934393935666635326632653562316263633964313163363537316461356632376632
66623936613239336164646438306163616639316434383038303163643336656131346364313737
63353938303539613637613261363234346439383065623930613437656537636561336365643931
62663638643961626238663438353934626334323233643266626362326336613831346631633034
32643836326537633832663639346434663437623934633265633664343833346465626463346465
32383136653766383631633863356266623862613434386165343935353065353365643835376130
61633862636635343430653234623931363766363533386162333830346233306132373734326237
62376465393733343634343061663934343038633166653236383830363039663661373738363833
66356263306232343635323264613834346263323465313339623639366366373735633036363937
34346438323432333666626432306461363633353336626438353264323766633538313039643332
30393230363733636639306239346438356536393637623939623932326262303436313865376330
62393136653734396464666364613663313364633039343161636163336332386530663235386366
31343132316634666164613961373834343632636535626435323630356562663065666565346437
66326364653237656661653837333364666236643136666566373539393939663930313665336332
30613964373935373639306535353734333531626163306364303935323530343639346632353231
61616639346465393631343666333038336539313966623464343562643930396232306262383463
65363639366436373133663135663136326339353038326537396666313533626266653132653438
66643964363639376534653631633035363861623933323432333838663839396461396262343132
64373331623732396637643931356631306231396663633562333132363932373233626166316465
37363039666133393234366431396534376233396165306237303161336131346266663632353530
35366434313565356437333764306237616239333864613564383434303830376262366630366466
31346261363961316164633232636531353331383033323837323432623536373233633062656431
65643939333563623636656262666530363738333333613831633033343766366631333338313266
38386362343661363435396132303762393935636463383139623437386262393564363237363766
37353337333036333262306130613630313361636333646536323338356664343534656537366635
65353334313466336366323230636433373866343063336435313436643338643738623164636636
66303761303262336363643162646261393163306631633631346638363366393732663163343431
36656537623165353363303566373235643331643736313134636231616134333131353564666632
61383361313432386463376534653836663535353565636138613130306562363736373263356662
65653133346638633930646531633135613533343162306137653534313337633363313061653766
31633137353865323131376235663935613131643661633431323430373136376462393633396137
65366562336635396166663638353265616564383964633332646139303536373933346564376339
38306130376238393461333263623530633262666339363036313061316333646362613764633835
39626262653164653563363761356332363932313166383036313230326465323330376338303965
31376530363337326637656239396636313938636636626564613634653165663135633936643930
36363164323732633061653735333533363636386665386566633564346331333662353564623565
33386566306434656635656239383261373262346366656363653132666335366665666238333661
64363432383137323565623938303038316138383461326661393434653066646438313131623038
66646638633461373538353765613234336363306565636361323365623265623066623135373038
61333037303331373061343863373637376239613931646563373832653464396434376630636361
61386364653864313633303631633933316438643465303866646661656163313936616531653765
64333336303935323562323865353761626165623637613864336661303635663935346166343330
66363938633631613564373662353463336530346261356236613565636431373166636633363032
65666133633862306436333033316132333961616162653035363965386136363130393836626232
30353062356434373930623561643465356665626565376438326637373434343639313033616263
61323631383065613066386230323064626231663065373665333735366162656362356331306635
64353863316261616466623331383830666433613433326636346437353030626331616431323638
32316138393933316530323066613135336233633138643764656263663939653963346662303931
61326136633264303537663537333935613436626264376664356434303962343763663530333166
31656262316431333137663736653135626364623038376132663430336434326131666437353466
61613262303863333939653637303837333035386661653735623231646464313135343762366363
30663932366436333837353763326261656639346362336263376662393261333638393535613238
66613665363665303365656536303538636564373430333261306538343863636161643132386333
61353466353939633733633832323564663661646232633534653165396366336536666466336135
61656136343538303334666663313533333736666634316233383638393034623831393635353733
61626634613666393437363230323963303132316133316436366566626464313030363938386233
31393132336630636636313530643966336461353531313739316164613332626535343464333662
33316237313530373731313137343536363236313434666434326231386231656338306131666166
38326631376130623364396532613337623133346539336531336233636432383835303535663564
34623939333738623031633038623038303636383332363932333236653161396139303437663964
33643139303766303863373138346335333966353533316534396639643030653665616565663930
36353937393266303533333035666363306638343061383736343063386362386366376135356165
30303134346438626231343738383830306133356166323161313336653435646266643832366563
61343464326239313934643435663436303037336364346133623535366235363766373838303065
38613065383166323333316437303530393664343132376466363433333739333733323162653238
62383739373334643732623636376464363031653836373039633533333638633634643438393231
62363036643138313836326136393562653534626661333863346632316633326462313637383965
34373636343739373138656638663361663331656362383030353663643436343032666439623137
30393038636239306634383837633532376162343333383361313535643862386133373535653764
37643434303233396663653338346533383135313964623465343165353366663561353533626265
34363764313565613632323834663733656566613066333130313136316665656133333430616431
35333164363636663666323538356432383561653836643033353839646234626234316231303139
33333534393966376438396537336330363638636632373631633163656337313761613435623661
66373433626637323931326533303434356130663538316637333630653565336334386463313366
35616338356263366232316431376461373230393339663966643835363533626336343961646563
34303435343438613233303633666362643537326239626363363036623635626137666633623662
35666131343438616233636234323463663466316135643830393630343762633364373137313831
30326132643731376135376361333231653731386563323365313034646265393465343332393837
62663431613365313632353835356634303534363131306238373261393232653164646430613431
65643961623631343933623331613463333132653463333732356636633838616137
