$ANSIBLE_VAULT;1.1;AES256
64303237396566656333353363633066643433356336383235363163616233343830326536306462
3638306163326161613430643733616233376233363736630a393238363637636230383136623830
61626361623762326335616530643431316531363238633662343332383138316336373862333162
6632623138323966390a303736353864366636666362653564636162333139306130386561343939
33623061313738333239653331613733613539313836336663613563636461613661393435383966
61306363316239393931353234313165316261356339313038326634363561346266353066343633
31666331313635616363303736336230653664376237393438353132666138323431656561663362
62316666356261386634643535386439303034386135653761326565323838383534383632333362
66303536316536343736396235656364666263316365643735343835333863366138346639393338
62373963313233323033626231396461646534306430636635643362353433336364663438303231
33353964396535396637366438626463316537636664303130613664373736613738356133373530
31363866373835373336313631303464363830353039353362303239643830653763643138323130
37643962393162373339333861633630303466636264636630306339306531306137333865616664
31346664373865623736373164346165663764373062666132383366663934336339333538316438
33333537333561303033393436336539633131626661366135326538626137353830346465386161
38333366386631353761346630383831646266363664653364386135363137623330643963623966
66343965306139366564653337303130636663363835326536623639613561336366656234643361
32353235646638356539626337633435633538666336646532656437366230376461353139373633
63363161396233316661303838646164643763303464663266343438643765633265663538656235
37613565656336613839643064346439356133363561326561373930353662383839366166346130
66623938656331346366383037653262343266663237323135643638316463323736313762333039
34366437663861313165323363303834326639313538313966346237616439616238643862613731
33313537356265393332613161633735613832616465326164613832313236666433646135353139
61376562653366333131646364613132373138616336313432666637376631333038396264623330
36623833376636376538323631303061383164656636396132656461393932306564653134356230
39646165633264393739356530646336633831373039633435626634653037306234383231343265
33336233343738303666323134656432616434303739396365353265316434623165633138393263
62303662336333373431353035333139356336336139346165386236626338396561633133656365
39333332326564656436306236336263363266636234336130383163626535333461636233323561
37323830363562343738613932386431653330386630656536623932316135316431626331656139
61313036616365313762383439623532396332646139363534613834643333353065333163643330
37333738386233643163393761653833613564636561633063323731393435363237613830373137
38313633656264626431393136393634333031396231383832653661613864383930613433366438
63393232653865616332353134353361643264333962356135326366633131333132343763343538
32353865613364663235336663386665663130383364666464333166656331663834626561353464
37636561636439383863396535386134656562623863346132623563316463653763613733383465
62376662363638303764353066626566633865326235356563663263323533323861393562376164
39633739313635393532353265376234636339323338336664633864303130623332336436396138
62333466346636663537353665613035313036656565623733313038316463376233653032353034
62363938336133643736343461326635306563313232323437373062633563363865623864393232
38313639613733396462613933623330336163373738653561353164613938633333363464313231
65613732383161316135316235656663383664623835343834316238666661633130356461613761
62313534323337623737653634323734326630623166326339666565636530653161643836333032
39373864623034666265346132366434336433323234633665636336376234613664333934353964
30336432373630393131303963366336393664306131623336313431326235653736643333356466
38353736626661663861353738653966363161306661363233623833336364623764303665666162
35386165353366393564623665613063366337393739343462623233376330396564626437613762
66633461616431366262633264346630363562376163386630613639316466396439353966646334
35346262613933343631343361363464666634623164353738643365656562646434383739383031
62383436316330383236653231313636306131396166666330383966663662643833376662396632
63383430366262666335356538363335326266326131313265393062383430643936653961316566
39386633376361643236393466353330343335646561363439656565363036633733623038633133
34366635376466653134313336336231393337363530333864636362356138313964323030333162
36383866653937363433313332623937303865343239316539366233303130313037636236353836
66353837363665623434653331373038666563343662316535306633316661653766393232313030
65316132373335636432633838376434613636383330333736316364323637663435663033303735
34383733373061663062336562373439303366663666336430376333386134383564336334326531
65626333333664643935373330326631613035653832316438663639636136613863333763663961
33313762323230666437316233383937623939343737656636653962613736613636303530373263
34313433393139363637613236373134363334303736646331323236333465636466303938393834
38326531373331306534323963656635646665633735326131623463633061306331366135336335
64363839383364656163326634313065333332643464363739613864356232316566333865373835
33616664303539373139356332333935303962306362643531323233336263663835376461636139
33363864383833333964303566643531613333646664643032346638303939343231303365393037
33356363653261313865643465616432663131356230633862386564343630646532393264656165
32316136343762653733653033373336313863336333623830353663326132633336623939313765
31336231393463306662636633356638663865633438653934626534353166616161336538663431
39343066343432346334623465323935363339333736366563386130653837373732366366346262
39346262663338376632636139363531333966386637623532656336303636353636333666386363
36666330643031316562653239666564643731653166326462363134386637353865613137353464
65653130636262303863666533393363643963353465633737373936353331656361333234376638
64653030323333326361656337396436396161343162353133663066363334633464646631623666
32363762633135366133316331306633323363653161306639386438323539373937626361303364
36613963613063623136656561643639626164303432396532616630623331383634653531373134
34326130303065386662616635636632656138303163366239626130336634383366623362313035
34653665353633643533336535656664366164633863633136383039356431376363363562653537
34646635663963303037376632636438326131636662316662663236306437326433383836366638
62353938353839316364383366366432333133323430343438383936653665353462653231656461
39643638343564626165613362366364373762353939393237336263646133643739363065336632
35336335326536383233626566393832613534653861616533313739643834616438653438663731
36356234316531333438306266653965393836363234336262656533396162663563393338343038
62323163303665393431333438383336396664326437623134356535376530653636323036303632
65613735393763303133336662643962633962646633633232383866323838666133373739353033
30393331663364306231303932626236653531303639636161613631366330343335353639626230
37396265383236353865343431373230343834636562333432366632386630343531316331376239
64303561626461363934343039626631373331373564623139373635353965663563303362363034
30393032353761666433643063336162666363393265663566663135653931666666633837643862
39643137373565616235333239616133306234626665613339613565616439346335643530313032
64366537663233666238613565316361353534636631616661383532363936336565613461316364
38313061633931666532613362353236333661613262396362653965383236663533653933623033
61383266663664663761303137393334623138313033306463646130643862323066616434383038
63303265346336613563656365376361633634623333613963643235346430623139656661613130
66393539316563636161316535613930613164323666653338376335313934393762383265313666
30623836343432323938333166613739393931376261346361663365366132316439666266373165
61383664623334643434363231663165353266623732326639393333373537616261633534646634
31376637636238323030646433383138333738383263323430376336353162643337393761396332
65626330356265303465323232356238653134653262383062363064616364366465303162323532
38663362336138643832613764396632316363303031353239313834623034636535663133633034
31393130646633356231366135636466383639383133626231313762343763663565656661336134
31303535646331326238326431343764666436623061373131356335393165303539373739306434
32373562333230626565623665346132376335373833633238636263323233383635386161343633
38346364333839653762346364613162343030623632396334616431643539616533326233616637
64313838303436313865643732633934656332613034656339626539366335383363346164646136
34636239346166333838333364326564653833323063393665366336316431636431323363333033
63386532636639313461336565323065336463326537643533313037316436363731333034326339
61623562303937353666316166383064613738316534386365633936373137653965386436353163
31633165323232333835623338653830373336333039656639646635643165343966633062346437
61376662356135306666343531656533313665656362383637373262663462343633303935303065
35396534363865316536643436643766376630313330666666613363356466383964636633343538
39303165333934313164656466643834396333303031393637393066313765323162643838366630
36353766343935303235343631303065393630393664333564313631373832373331313666326331
33643035643633646330323965353065323135343438386266666532303139626539313563393131
31616631613465303939323965616430613366373830633966653338623462336434616130616535
38646230653062366633643032343031306433356638666633343930373566623535323266626431
31396265626334366561346635333332666466613939623036376531303937663031313635333666
39633633313539653932333232666262656263623065623334316635623234383266383866663134
64353939353439333632366238363330353132333461663661653238366437356132313132366235
38626533323863353334666236643431613338623530363061346134303734656262643664633636
62336630323662353864313664666166653539373932326433323431373263373764306335666638
65383138316332373333353736613663343334346563303230366162346230626137633664306265
63363837393737353865353039336566396636303366343064643834643937393938653461303938
30306565633834613763366339373130386432316430313166646633316366636139353266636330
39353133363562643732333566623664643264383935376239613464386437633161373266396339
38386238613330346138653435613639343730386432303230373262626436663638393532363935
61363832643665636331333339623163356137616565373934626333336334313764323462633061
38636337353132643261346661376135373338653339383438626437363339633066306339623737
31326363663763333865333439363432343137303134633832633537656233633736636365646235
39313532623236303530303336396135353637663136336363666163396537666137366330643863
38623735326139626535643561363466613266363036343337656464643833373765393730666463
37343061613062653430323237643865613031376433393230383766613239636430643663303765
64363333666465613239316433313362656233366333306239353638663463363636333465333235
62316133333036633263663136623935313563626535663764643666353732373865303034636434
31623866393262343236303766613866633937306134373030636139363131343834303039383134
38396662383766343935333164353632653765656138386631633236343862383239343237633962
31353161656630663535336437366538643535353836663138643938306636363565643435313066
38646333306463333566353838313439386164366366356661323430323264383039663235353636
39356463366136613230373435363231646230313032386239636462323463363138333830373434
36643861393738383138323333633838353263323731346263326262643862623334616630666330
39623130653265336262613835383337396261383934643734343263386264643533323233356463
62373331393930316565373936636163363839376635313865386464383334336430366539613637
35346632633637653838376437386635353831376232613532663630396335613335333535636461
38643432376631363933356666306434363430326164633563333139303934346665363766623563
37613139343631613934313634636362333062393137306161303937633731653461313139356439
36366335333432343264326664326164346366393638313261326638326634636264313861386537
33303965613632626330363562303338383930353339633162316639336462656231323364306635
39346638363338346335643562353435653563623163383066613562643739613333663730393730
34343463616430376266636638343862316163343466323861643136616635306139343130353137
61323639643465616236643064613734363665663564323937303837653630323631313665653631
37623965663530663634353230626165303336336562613662336239316330366331323963616666
36376462363265353762663566353164393665366437663533646139366534376464363435396233
37643736383264343034663938663730346166306462326539633734373035333064626163623831
35323735613034653165366237643539343638646639383635666166366632343638343138626330
30363236363935666132343435353039306666363839613834333934316332396331646463613764
38316166643633306336646430636630653035663861336135656635386164643063383639666235
31343566343030316363346532313334633536306138616662376334366337316464333262383938
38616238333336616336323061386330646238363534333736363836346337356637393665373464
36333538626332343937643031303837373734326337626361306266376363633533326361363161
62643833363933383061666630366532303064636664613339313738303430333561396664656438
30303238313563326535306233646133313436613630303863623434333266353731393935363836
36616531373633663563626364646330323036336465623164396565383564633638323364653663
36306561386137343437303861373932393765323038303038383234386465373463323865636462
37323135396262663133363066646238356466353863626662353534313234373932323333376562
66333436386535343061363230343261316435656336393461316135333765633961663633656437
30373764363431643331643765653962363133303535376438393332353537643561333035613431
32613266353433636161636630383461386436633637376536313763373065666164303164373464
64303864306538643631343461353638623938636164666566336163643761326530323034303133
36363766396434353630626435343662376165333161653066316235656464623036333539323136
34336332336633373835333465333336376362636633333866623561636561316265383038306661
32613036646430353364386464356334626636393665363139643164643131666336333566333262
62343133653464386164636364366234613363616662326132333135303039333233336636656336
39393764356130663534643566663765653538663030306138643438646235373035626434633933
36383936643661313130383265323938646138393564316665333733333865636366336532336238
31626665356165316331386630323837653137643462343466613437353838613763376536303237
33656534646630623137353965353966613237316531303465396337373264623731363233633862
62326666336334653066343435386665363734623237343763373332316130656266633664623833
37313630643236323730343933656366613935633533336433633031386636643437326332656531
38396131666232633733373261343635303463323439376430343762336433626332613663623932
33326163303530383832633236633764363133613133373032646266353262376230343239376438
66613533383731376261383333323735613431623430333465343736393031633365663861313165
62623435356235316566336435393864653364343030656438653234623431383537353165643731
62363233366635346632623266346431306134303561373265633931646465643633666663356635
32373234316131303832343965626530363335383665613433313836633838383862326431333937
34333564346436616332646330633763633437633333366663633466366336636634306633383165
65343630336364633133643666373731646239313636356465303837366330633135633861336235
33636463663932663161633039623931376634626432626632316235343465323933
