$ANSIBLE_VAULT;1.1;AES256
37393063353737316233613561616630646266346633303865376465316161656235663633613437
6338356436653235636466626539636637313032313736660a656462396135323335386639323437
30333861653562323332323730653632636635336663626666336363356166333064363663633936
3961396465323663350a323835313130303366626234333130623163613938306639633566386239
33633264323731363434353530623066346335626430666335313833623365386661666635616464
38636539626631663737363031623662393061313333333066376664353039306365303439623563
38373133663761366131373035633335393462313263383836636638663336663362656564363539
37343932393436346231336462363934343939336134326261316538353436623030383638343463
62353137313234383533643434653334333237343032353933643038633130313962636366646662
63316366313130336562356635303865633264373164316334663638333461383862663865353563
35343564353038653235393635373530663137333236653935316561643136363738376235313736
63313739663532393237373334306637336331343133393038343162326461373836313338343833
62333439373437623133363636643164636235323862363366343031383333326637656439316633
63366233353964323136343166626435623139316634623831633334646466333766313634613239
31336265363131316132663832663037363330376266306663343831303030653436663036373266
32636365396465613331373239353838373833346433653634326137343264346461386537626261
36353039316234616234356436393761373262373437393937386431343864636165643436353134
63356637326162323738336561386335386164373730643433623765336539656166646361663438
34376334616265393937346462623334653134373433623836653966383962633836313730646139
61373434333464396437613662366438326638353439666437336565333138336263626235646432
38336262643166666336373461353362373364303762343530356138653335653363636134633139
34623533623766356439613163633465633131363861643638316233393165393162343362363333
65623832316137383631613166346238323566353239383761373165373864666162613736616261
32636262333261303861386331623230363735356566623563653635313936383532616335346639
66366166393861366630656633666465653333616131346664383531356339396336613761633565
65303933343334393233303732393530663766613465663562386534303038346261636135666663
65373031326161383562303839633634663462653661646133613530643930623138353530306137
30313561376464343236386363313834646231316235336333303466316435626434646663663462
32323832303431663061353064383462363836663161393763393364643638616638646332636461
36333763356362383234343462636662653266363332366230393530636462376262316537396437
30373738333034663430653564636135333364306131636130656539653132666563313766353632
63313834616161623466653964353363313632303332303435663464666430623862636665333665
35353465613864346434363938616238323931353163333062343166653734383238636533303266
66313430333664646466323830663666396661323335666632336431643061363530633535366533
32363864626434306130376436613836386439643164363261383533353666643964613535656234
38363738633764353236376634363739313935323234633761363430363266326365363431393032
31353336323161323031643362666434386638623964323662346539643965356635326633313333
62313139666630656630333839306339646562613235323735363738393363616130373164613738
63353533383036343231306462363063383733383738626138373134613338633330306566656462
63326539633432643932393531656439316330653966346661636130353436636539326361363061
34393032613839316166326630313134383365303936326437646633363436633363326563343466
31633134663939613733306535386135323133633634306430386536316334373434316239643732
65383531616638363132643430636531373539356362643334663035616665656463636663306464
35363236643265393239666261663333663531336637393930396533613164303232666639663336
66623738626664363337313735373637653763343231643634643537663266643631663133343436
63393565616566373931326166383430343639323662393366666335653838396532353238376433
30633534386666636232383764386366663834656431313533633830613632613438333965363039
62666631366633643230313631356162646265366536633336653038323463303339643033376330
32616239626535393137616164303065653761366164626365313336376334373261333364623032
64316564346331363237393863343966316263653663613636326630653661613764376334643038
31633130303635343561386130313736626439636437623564393966636564343831663936393464
38366364343131616233333561663435326530323962613131353637353066316135393435653637
30633965653131313736333862313461383936343435363165323831346238383765306430636564
35636634663362613835376431666365396162316230383961323565363664643633616161353463
35323731376136323237626333386462646264366539363434376663336161343064313734323436
37366332613065313466623037393438333436613164313234663839316237633132636664663662
31386262396534633130616436323133366361393135313439303130623963386532396637393036
33343963663363666131626666393566633364326563376262623362383532393431313631333831
61393034656138346266343539386663383933663138653835323030396235666335353836346461
66343532663432343162323366356334653863336231653562613630326262646236666262393265
66626137363161646438393031383638376134316635666265633334666664663965343238343138
38316436306135306462626136663635376561653564393165373138303061636364363236633662
62616633383337313562356432626361316130646637346632663234636139373539326661353066
33366662373230306635316261633137386236396530653363633563656165393463336432643464
30616437303935663139383634383562333064306434653161383730623663373065303934313834
64396530346630376138656234356266383233393030633135353939363566623365333232313962
65336166626162373031366536313532326666373538333961353430616339633433646136393963
66346632323832666530306231343531633664373164306138396264646366356462366537363132
32353735363934383662386461646436306331656632316234356534653730656461663831343837
38613364616565653764633638616561313662373561366662343463333433313535653664643333
61366537323034656533633231663839333765663734356364336533396365626631613732373866
30633765316264653862343033343963646162306438303533626335306662373233633565326666
36666439306565376230336537316263363030303465336566333332636538333030376437663739
37643730626134363364393532623533376564383362316334303239373262613537393964353662
62376265626538353430353564666366323563336234636431663362666135663865313664613936
33343264373330666334313465666663323864333833333262376630626339313737633139626537
34386564656134366539343265653065376465306562613539366130633237353737373765653833
66396535643661363035303838646338396238636532396136393833383033346134613832376636
63383038636339633138636137383064333238623665383638616130306433376632613964373962
37393235313130643866643563376465353564666363313866636532646164323432353962666565
33613663306563313862653435643333306139633932333035616332636361663961393565313830
34623663663832383035623934373730623065356232366163616536306531666336326137316238
34313266653930366231323363316662326231353534653635653330346333356562613831633135
34346364313734346265383261643961386631366265653164303033643034613234383732613534
38343762373430303135386230306264366232633034363261363136396166626135326535666634
37316264376134396134343865363465343731366433346133326164303665626533306461353466
36336135336238313861613630653530313962633630386266623065393031346636363862396165
65336336333036633536626337383931313839323166393931653234336535313336303038313735
64656431393262383761636134363235323866326330316466666132333534353632393738653335
39303335373761306539626663313066643036306563623331363434396134313231306466383864
65626539646436343764323930643237373961346630343337373730613235326362663262636338
35366462653236323166643362396631376663393763663833353363356462336661373232626231
31613638653837393163653334336439393234336161613431646366663562366335373863353264
35316166336132333834323961653633383731353731633339333039336666396434666461623635
63333961376439653563363366373636323031333131336130326535646339656464303031633861
30626161376462633235633133653664393362613334393266326331666132613461396433646339
65636662656366633331353863306632303735656263666337343236393738353161626637316538
65303663333130366535363465613039616332353833373935323564653933613939396533363466
30353337343461363131363335316531333536323331376561343261366235333066353838653265
62306236333736646562313633313535386431333432346430663038376139653537333265356565
34623663336566306231393663373138663561353730356138656136623562353634343532626161
38623635343062333062363733336535653230353832666133366365666535386664613231353164
62633139626166366364346238366136626463643239386333303433623366333135373366636139
31333264656131316339636531316161333332643566383633613766353032653439666364346431
34336130313138303662663165623233333966363765333637633865306464353532333434623463
39336361346665303065626237363234313833363635613337333963376566313537396665326437
63373766666133633161653937616265303566666133666135343666633530313336643132376261
63373937343566376432333666623935613135616138353662633534636638353465306665646435
62343438623166376265393431316335383935373366346537653661636666326266303764633063
61333831386161613465336463393566383562313966346665313833646561326434633033623364
33666437363865346239323833353033353739633330353833366363663933353266393735343337
39383533323436303138663932383631663632303435383938656331393866643664323730663036
64616661373437646138373439656165666262616239376531613031656566313932623863653562
37303164656231303739366439636631323138303134663435666364626132353264376138666330
63303462396365613332613836333338636563316562313331323061393938623232663234663632
34323436373766373361356233613839396436386265353331643732633763356633623965303539
37366463316430356261633635313862643439363530636565666434393434663634663763373335
31336535313132323638376265646365663864383137333630353734366461343238366665663666
37393134383630633738656566346465623265326235653435333462376261626434613237323437
62663738333432636137363736323536353463393437343835613766333030343337373534653361
30336137653334323662393230663235326665303634643335336232373564626339343534353134
34306366383139633433653765386539396336653038323335353731656562636339303536336166
61343065376566346261613432326339326534396534626262343939393065333364383137656664
32306136346166383836616231636135353364313935323135636436386130636433333765363666
37393561303865646639663838373631383035333933376564373833653661383439393234616636
66613531636630396263393064363362613235306162666534383166636535306535373564336562
32336561616635666662336362343335303365313039666237313835623665373635333533666433
33353935353036313233323930383730316162316265393537363361626365653764303639666531
65333065356432646134663138616633363266323865633365393737653639613663633335383035
64633034663466326337656635346335316133386436613536303831383663643263353834393639
62353866373561616462616164636131313165316266383731636638356661373133623862656236
33326539353438626464306137303035316339373462666162363034373236616163636230613064
64313963623537363265303765323733386461366364636332396230663034343764306535316339
33326537376361376138343431373161396234616435396636616538643162393338393331663964
63313530646232363837306338343265653230336236343461636232396231386438316363343064
38633964323634613939616464393565616136656465643364393330643030303230656134346132
30363433316630646431373234393135646131353536366239373261303537343934353161653866
38333930666536313738626432623161373966326631303832396639306238306565383461373936
35373462653861613463623939636632633762646238306461383466323732383633326538363838
32333030386264343035643935393633326534613335383633643838663932386662636162366330
32306664313539396564353735363465613737383363373362353564313433323065386436373465
65353238313235366365353639396463393261353763363238663938376533636233653662303930
64633563373231613231313936646530386331336466376263646365313537666232363939613230
38396633623432313565666430353032623338313438393165336335353934333837373536666137
36363734613335343136306662373562356432336536356433623866346136666565666466636239
35353366343665633832646431633030383936613039386232613363326539393662323931386136
64616363616431346636383133363863356638613062393236336166643932316264653132386438
31613065396662363237646131383366643866383838343236613937313162323961376530613639
65356435303566396666323664366235383166376333316135663736646465636566386137663132
64343465646663313730363565303439646431363266353761353937313934623531633061633765
32623136323630313061646433316364666337353336396533663737303866626637363361396661
65616431303064623339313363643837373366323433333033623233306461353166313632633536
63363639326630353135376362656566613738616133373365633462623233663232323730393665
39353036383961663433353035313532313538323064323930643131363463373532613739326361
62666532616431663539303362373733616139636161363138643138313535313238663031303338
66376165343061646438386332346331616234336238333666646439346632333330633933656138
31666230393331356566666561393039383965363130363034313864366434396433343564326665
32383135346565376132623665306366323432656433323838326364353738616331343139383864
39623938386563396436393739353331623266643239366561323731376334333065363836393165
34623731383361376663396238333361313863353731373637316138383761373966326435313764
65343632336531383034643863633862393365353362663530336439643130303238646662326337
38313936333363313262366534373062353565356463333763623263633131623764363532613162
39326535333762326133663539396461333334663939623536653339323762656436386632626335
61353837316332333764633164333565636539633832663166336530623034393239313665653833
32353331373162316562623064636230356336343338643166666637386337343164326636343535
63376536346236616361353066643030353466393834316230633336366161336638333966613762
35323961393761323164393639653630323066343337356430616263386661386339353433396635
65333932323434663436393430393630343762306638303933636665303436636139656166393435
32666531386631313133623433636263346162613232326136373734646136653730613464643639
62636134343933623265656234353035343130306262316366666135623563316437376536613939
36356430346534303239343633346165356536646564643338323766393736393534376466363734
30393731343434386666396661336239326266616232653961613938333662376462393230643431
35633131626333373833653664666537653636323564356530613462363237626634373366316638
31376130343437383031613161333466326234636666313733316263376132306535346134343038
35373461393230313663346131396466366430626135343162383337643463636537623766613063
61376661366538303533366464656261636530353539666132383861373462386538313464346332
35333830626233323364356636303138356233366361356333613435366136646666313366363031
38373932323861306663336238616366626562303135306637333263353537623532333638656131
32303062386433386535643630653362626638663062303336623735343639633261613033396432
35643764633535373732383734336338636431336532666562633066346333653362396538323661
34323264376435386436363431653034313631333934313130386638343164326138353565336336
62333461323337393362303535383235366137643665623936336334653232636638666561373639
33656134306437663562626666666635613565663533656238313535663464306633666231623466
30393863386264633930343835343734643830663031633437663737613139633738346534633633
32346464373637323961353838626262316636653365366137326634376461333236643335353036
34623264393630373938623531373335383232303433306630326366353965663064343234626232
33613030353633363362353065353166623132636465663563613435643363623136663066323161
62346135653931666562373032333933633633613637643466313032313031313336646564636562
66326562626265663238643030313862316264303561313335393361346438346564316136363031
39366639313334396533633830616331626233333066396133353961653463383938663233333930
31653032373063353461663839303133613336326538336261313234633435323863356332616233
63306565336531303965386636383266306239613530343333643666313964626237623163653765
64623335636430393833313131326238333965303265313235326431383633393330303035356336
37643332623361383366623830363337383237333562616438383830303636663762636232343530
36373166613538663439633364313365336231303638366633396564326562616366306137336431
66333163663736376439393463333765336433303563653865323531656463656163643234313162
32313963363262376438306334333462626136323864326230313532393036323462356331633566
65346538613366666562306437613161653231623230623162353832613139396136306662643362
31343630346336653839376262313434386466633834393930643666376465326530636130376566
66386233666237353537653661383064363161353730353864316238646438663165363865343036
30626465623131343531373731383163313030643163373339306261623430653663636263343962
30343532343139393035626365316663643564333463383562666166306566343866356633666438
33313137663534623438383939613265363861353932373366663166643465653366306564653662
66643130316165343465373338626431363466376533646531363939613266393336663364623166
30343332323739366264316362373933623765653330383665616331646137623633343331333564
35356366656562633239383133616363363862313263363764663065383566313939326539663439
33366139646238396661613937663331373366306239633564383733303331306363643361656466
38626131386662373065366635346331656334303438336333346131373465656236633761333037
30663639646265356464636466613066613034353463623139333465393465656232643032383631
39323538656365303063623531653236393062633162396136393739653161303139346265316161
31383066373966353133646261313330313064396261343365396430346434373035386130396330
65323935646137363866633738393562373938633465643830363734366134386261613339626665
36396166326563316161353064613363366633333235353766343335633539633938323162306237
39653637643436306538353133356639646465353965356130356339666436663666663432356461
34373433633962633366396665343866616637326437313734623235353566663161613034653736
64366536323062353264663036626464623131396630613763623131346533396465386530626564
35353963663739383664366333316433646133363566616531363132636130343335313335393638
61343334306264626361396635316663303865366266316433313333303839336536323531653064
30376636643262323736633035303236393138313239343630346339396430373635333861386666
31333765356133336339316264646366663933663439373730326437366530343833386631303661
63363337336431376163633932386133313036323137613363386264323365373337343034353532
32663637623361303262626138613361333264646431353838646132323362303065383562666134
34396238643864316133663633383031666564303261396236646331633830326431646362613834
63363832333164336336633934356164663439663035393038663466656663643735646131333863
34363536316438346434383231366533633836623565623366323136386361653063326637306338
31353337303664656166353031626538663733663332656333306638363563623661613939393336
30613838336637343938646433633062313433326237396434616135343038643934303435623331
35396163623032363963613739366235363133626131386532353335343532313533316435366436
32616561393130323966663766316135356264613034656437326436653339663934333032636563
32306464373364353366383861396134653038626665666530613930303361323037393435666234
63303765303537653932306333393833396534663365396666646235656339306330616433333039
64303762653961376264653939383538623961613033383430363365326332373664666636643832
64646264626339663830613633306233356235386633323339666430363161633537303535323131
33616162336435373932633934656539346636346332363634326361623437333962653938616539
37393261646635386333373635363534616439306565336635363761343335316535356234333031
37333130386239643561373531643235323330656639666661623334333331383562613566626665
66393532666363336436326465313239326435336637323135393932393233383936386462323532
39383930613664653933306262623837616137616435356163373164393634333936356165633862
62643765353036643565666162383132376630633737613835323530646531303133343134636335
32313333353266613637613239616237356366346366633361393733376333626433643736316132
63316634306635376661633134303439653933613665396435323631323734613131636634356633
38646339336564613735373638366666663238303230613733343539363031616334343339626463
34363736383930646261363564363332346135623863353866353535366337623064343538333961
66343130383233373033356637323739356264313265376534633638396233393139396633373664
30626236336638333936663462393462383462396537393332323066666430343733623362626633
32643665356436363833323031303364393237343538303065663832656437303037386561303161
66376533643665656664303235356136316233623134373463643638643339373462393832393434
35353361646635393133666330346365343962346261643263643263653030313339373361373936
35383161346234396232366338326637653835316632356433316463623937663338303938646234
61313933636436326133633162393230616431363466653630313065643364636434653434303334
65646265313165313538393362393662323238353064323764383466313262643135373031393162
61396461316532663339363031656636316436386664346164343736356638363565353432333334
33303434636530616233386134626236383362623266656534653062643830316261363566663339
34613536343533373435306633663839393736613561613266326332643963343237366362353732
65333365663531323030336366363433363436643964356465646265316237333064643331653064
62363061363739646461386561386363333933613738383463633438613735313533346135646165
31366537646363343230376335366336383537393536353432313339323338363465376266303037
39323862633334386162613761386430333432613639396564623864653230613163343536346131
61323066626430306430633037346634613564313838643164373361383234386138376364633730
38356264626437643132623436666539623264633131346261666265636534616634376464656434
30386430353730653835366538343636343235396133343966326362636465356435333963333035
36663439363766323332346564623366343431303432656666663033363130323063396465383661
64356563306135383466653262646262653933306266353563306538626362393232393431386233
39643539656236353839313761666433306638313933666566626337636366323666323464343238
6638
