$ANSIBLE_VAULT;1.1;AES256
64383038653061376132343035636432323332363237303330396161326231663630303633396339
6431366434393332326663323661633265383761323633320a623139363130383633646562636163
39333536363636623631363363393964363635613663313537643239323939306365373662343336
3965663133373763340a643666343831343433353737643765303666376365663338303235356439
65306361386538353630653966633532623765393862346133343164363138383635376439386166
37376238393462633036383065373265336362646161633937386431306537336162336338303939
61613338376666303263653230373730656561376532623831343734346135653066373934333061
32616266323063333334656538346435356662336334373261333464653361633435616634336131
62366664313735336161353438663234643761316164353731386137623235393265336266386631
37373037326337393539303635333265303466303662363263383265656665386433383462646230
30343162613033366139323463646231316637313031633165646232316432393463383532363862
36633262613033343739343438643164343965366265306434626666643863623136353431393036
65616636623165306566303134656637336662343965616338623533643338633439653464333364
31313863306662356231346532346337386439313230303062316632303364363462363261346238
36656238363565313535386637313037313436633161336365353136353562383735386432303135
64303865626166663937386439653362353039626536376639656534323134653266313933633566
62323331383766306535373534653963633638623266396433333935333666366164373063383132
39616337323130326534366536356436393161363830303763343430636131323136663565656665
31333266353764316665613439633062666561666233626464333837396631333665313331396536
38396633643733343336323738643433653932666462306562333666396231393431303435356162
32323934363035616163393733313033656538616439393531663131666331393334613830323233
37643962386263373666663931383335366534633634326436343161303532633036316133666663
36653366313431616664623931396330393239666139623363643961386131363562633936623733
30643062633461316539643133633532666235373363376537333963356533396334633537313630
36613733323730306138383563363830316339643231313966353266656462326132326166663130
30373064646263613535663864343965386562316362663635623962613538336563646536636336
39306636653561393962656338646139376232643735643330636331393637623430643065373035
38626232303566626564346230613061613566366532383631363834386330303264306661313364
39333437643938353935646631376366353237333637303230303637383834643436396462313730
63626138386331356337356265643137663363656662396661373333316535653262383261303062
31643962663939343732393132386334376634643839383134383631623961393162663235366434
32656565303065633438626165386433333265333937333430313635326133613734316130623263
64643666343064363732303835393831646261363064333862383131346462333734303635323338
39356431613631613664353433636136323339333037383439346666353530373437613431373433
64323863316464383062336433316163343130633334303061626434613066656534633865313838
36613136353865376130383535303861353664313564396231386239356235643136396232323434
63393336393165613838323562616333653932646238383866353938323233393038613936383137
30393965323731666263336666393638623330663636323361393262396330373061613931343231
62613034323566633832386439666132666634623763313961316233323833353034653165313034
34393465326531653863353663343235343330653665613565626265316639376337323039323439
62303533386466306563373365633466646563366534643639623337396237653464366466653137
33636339343435613739376262626263366333623134646261383163313434383434396338623561
39626661663836333232343537343465343964356132353964636566666239313134666266353834
30393232623464666238373330333638376166306137323139336362633535656665616465643463
37343161623766613637386537353962363264336233346438393837636630323465346438613733
62383962393234353766303730343961626434633537313637646534346665343665646632666561
30383266666138376631656339653561303539313332356366626639323930643865346663356339
39346464653337333439633938613830333462363439346161656330323635643532336131313532
38363134336531666136663133396333303863383733626338303363396534353939303463333832
39643631656364663036316333356338313565633731396430306465373730643833653933633639
62323264343133366432346132336131343637663935326231616230623363393332636235663639
35326632636633383864306338373034336366656439626533626139653031643061663563333339
62326631636232356361643465666335303365393962613631636532353965316431303039393163
66623333326234313239326162653761306436643831303334303431396463636137343566383233
65313936336630656661636339356137376566333735383938333538393134643739623737366638
35353131376435316561303236313736383438376238613134643631636139363961623661623534
66373537353636393731376665333461393861376437633331653439353130366132396261626536
61626137636236363463643734636137626130373338396662613861353666616131383664613036
38306633353561306462323563396531353333373265353630666334343766653765326634356434
37333130306237306463396634643535333664636334636236626164636365396264666532313935
65376361646234333833343263656361336637626563343138626663333465653538343038623661
37386532656534646332613737323065393562386634626537626262626535366536313335363161
61656435646237303230373637343931643032373432363464323037323465353230623231643634
39316130383234636366633130383733663134643562633963386535633565383335313365666265
63383130626135376535666437613239666166336164363835373031386637623534636335633632
63656561666132343665363334353862636461376430663365333930303963633462393537383733
38336231656232333233656131313638396332393463303934623538643663626238356462306361
32383466306530326639363962336666363533303366643634323535323566386662353763633037
33633334666430366531363430386463386562393562393533323535663335636631646563343065
65353736303064323332383138616336393566363365623565333265626166353066396135656131
31623165303537316338663632303466313732386631306264313436613763363239643862633934
63393963656234336535386239343237343666353435623637613032363661323464393366346135
32613933376137663364376636326239653035346635306261646233346264326164373431666133
62373265326630333566393064303637303538383664376335616232396539323934383764363339
39326332643133376333393665396438656333313363306264393062396336363839623262303165
62353564663261326333636235643938626466303038343137616262363530313564373661313331
31653738383365313762363965376137346631653232346432656364333535303639386235623532
31623638393461613932366234323235613265636333343638613365383864306464333038306263
33343533326363363865663335303261666165623730633563613136333530363431363338343433
35316663663264396536373631303734326130396265396236383765323463363935666664663864
65653333343931636533373762356536393765373964323333386331323061323936316634323638
37666639303861383038656366376132343066623463626261356238343764366431373234626264
63313335313439613838313133346139636336316565383865386632353438323538333861646263
38353563383433303866333133393966306636663937653264653836666431396632303639633638
31393763636633646563363363343533346265346430373837616264373936343936353536353864
38336334623239363039336436646532636531616534633532346232343931626539646335356336
63393061663131386333396138353962613634376337633063633065666364376337666232396639
38643039363665356636636636363461313563616262303831336434323961653332383532373236
32386531356631656535373636623632333732313831343035326234656231376439613633653935
63383032313536613933633337653133613634646465633934306331353566386538623536346366
66616137326666663833386161353737616138396636623932313362333435396335386465393731
38323032346238333432323036326262643536613562666337343935613362303335633166303263
34323239643733396433363930303036326664343332393763376437626464306361656632386233
36326238383966346435376232353331323037343131373237323662616363626239383866303063
64653033636430303339343137313634323931373735333132306435663163646534316334376465
65333738636531383866363362393136353162643966343832303263333931626562353666366335
63386437623766313735646235616666646463373430326464366366646364306366323362363664
36323434646637356230633032353635313739616134653539376439333133633733306161373836
65323630656432653064616538323533363933303134626132653333383336343135373461373930
65353539386438373239313332313837323361643763346362656461366662353965323365623434
38336364333838646430663361623865383031333637316235633364666439313037633030643461
38373739373165663764333331303630373230376139373834303138336263643730623432343836
38383363356631646261366266393165343437313066666538613465636235333764383761393764
61336262386534636362613331333835373362303466396265346530383766653564353865633534
66323065306338633235666563333363636163323634393966363931373038323938616563363935
64373834383762306562643534353063376533376434336361383763376637616338363264633434
30643432663161376539613065343165623531393464356464326138376163613030393530623763
35656136613439353736366339326335646636633430396439363431346636633763663938666530
33323931623532363063313634633033393736613334663236613561356332316262386133376162
32626162643136363766343739663133343339663039656632383037626462373463633439323430
64373361303135643032663532376330393966323961336461623035386266623164623839623136
61663431653661383733653963383831303630376462303039353332333934336538633532643064
62656330383637396265656461646134333439383631333166313466653134663739323135636232
38396235636239363436626635343836383766616336343935336434663065656333383731373965
31656534316232353832373033663865653233616563646239323136346534383331646335646239
62323934343461633165613964666664323163666133626334326664343565396231333030643138
37633664303139666533353733626634633564303962313364636162343439396532363334336430
65646137633366386264653936383265643030363063333664343939633336373638623636326532
37653437353237366432346134393637653965613463346264353532633963653137336637386663
30633561353464306334633630303735373361356462313261663163333764363033613163666436
36616662343130643235303264363962333934616162363832326633363739663731333235626137
66316637643463386261303039396165333932656334376463303665356563376531396262626664
39646638393165373837663236353430306434386633396437616262613536306435386137326332
34366134613661626631643337306165616132356536343362656334323966323066653633626339
37306430346431656262303734313735386362386137303434643864306338373962356434313965
38313464356461396132653038323833393738333566643961646238646535393038343839616263
61326463356139393330326463663032623632313131396632393061323865313966613737396564
62333035303639623961623133303931343039643363323033333162653165306561376463356432
39373963383664643935313836363765303964336166393632363634346531343633353034623532
63646633656531356538646633386463333632393362323664646463666335343336626533356139
33646337323632383261333666333532396461656132643037663965616263626137366161373133
66346637646664336463353633353139656664633337323834383463623934356663396631393338
62616637356363363836306231353165636339626634366136623164653537643631326263313738
39386139636533663534356565373138393831633934363266656666353233643564363431303838
62326361323964373535646435346464323462373639333762366530303239303963383939366338
32616133656666666330643666393266346365626564363862653366383932353836663934366233
31343864363939366433626533356531396438356134636139643631613461623863646131356261
32626266663830346238353566313738646561376335633632633261616636303137353161643939
64656231353163656265656662353362356332613431323566383062393162613832663864633865
33303361643530663665313162343631303465386561626632336133643137316432313831393732
30633737303264386132366662393664376562303034633034366638373833343237333438366534
38373130633363316364326263363061306666376464613835383962313233343964656266323533
36633939623630666130303865303138306261313639656232633262363563373035643836353261
33313766353665323664663539613566383732303239396131336130396230363430353937303934
32363530656131343037306563346535366562383262393661643862323765306539356534393465
30653462386635653433386232386434313337663262383766383433313639393330323731316630
63343839333064363061623137336330316330393938616562303734323939316530633036333235
39323032366439626136636538343161616234656264616664633038663061386132636663643136
32343536393536303235316637356361363464333330326566613163643530306664323063616563
62333265626235383361653063653136323936396333313836346338623837383838303265626564
64396164396537613365303133353061353662343031626131373763363234386232386261326464
39356334653261623530663334313665313562656439643033626466653430343430333336666666
31393834663766393866373436636435643634303932383664623331393065353134653162613662
36633165613536653561373662343531626163313433323930373264613030323239353737353862
61313966633638303362343034636135323931663865353233393064316130656435393566653435
30646535653334366235653335363437396639656634313439373165376335666563306232336438
38666666363663326636623265393134313234646261653764663565616161613965363566353732
61626437393962393432383861653237323939633361336363616539396331393364386137383932
36666134316465303761653233306262333561656261666165656239633638333030613231393863
62643536313465663336373862386335623534353236643866323639623035316136323166626265
32306339623837366437303035323866313662633063373038383030636336386262363465663466
65356538313434613864643134623364623264336430646530626235373539376533616263363564
37363463393832306539383631396535323835623764626464393030346261343966396461323631
32653665393366353031303562623864363866373562643734343833353861643163643963393832
39656266626230393538653032373338373732303637386135316666333033393738323938313137
65663833353837663661313939313737663336333539343066656331363862343166306438343932
38343834306263383836373633383864363037373937313064306339623035383131366138613137
31393464376638636235346662623034373635386162336265653766643963303130363964383731
63396539363730333538306135633266646530326465633838306430663631626635396231646339
35633064373932376633383634656234643764336535333236383737353330666130363161396633
34396436356534643431386566393538376133633563363037313831633038356366396635663862
37346164353062366333353764646563373034636239663965376562323034316565643164636432
38643931633430623431313561653536373663633937633530643663376438356534303661313934
61636365363137326438366161353764383831373733653364383066613066396633343936616435
36326263363964633661663431623337383936363339373531643632633338383232663163373334
33613065333666386166633565386362613035356661653735646238323762353339333936383934
36366535313033666231396265393638643135373536383535366632396462363966396164353835
64306239353435643739333361373734623331383131613661333562366165653061373631383438
65376238666633616466663334636633346234623439313161373832383433653561363162653333
36363963343765613031383563393235386564363363666434303130653162303433323061313063
37626464393931346533616139643538353634323637653565323136393633376562333561393530
64613136343361653432393932383838333638643831323136313766396439653832373132623762
38326230623033646632303639336234623265613364313738623037616533663638343738636630
35323430633333623261323064323364623263383439336662613062643030313661356163313163
31613463373930633731313963343664313137333833346338373965323034303332623237316462
61356637353234633166373362613236313232313438396132663362373665616239303730633639
32653861336238393565666239653133346161333934653864393732326134383561356632303839
63336632326536666138626535633563366465643064373366346563656130626131663336636661
63373434323834346138356434316334613839366462363464326664653533316437653462663136
61306438643733363432666461376361626636343434626538326439353366393435366339363032
36353062653662633635346331646666613139333066346534386630646361326538353335663565
39663466633334383065386666623035383635366332326363346439326361363530363739646134
31316339326131313730373463643161666231636339343833636632666263346562383964383165
33323630303863366434343035383630393663303930626463376534623130646339393438636164
64323637316363383633663163383038336139613562353239623630613663396238633532326636
34393365346231303834363937666266326231343062303066333566663232313966626361313361
38303032623962396634623266356533303164326233633335623364313039653831316536666435
33313631316337383935303738326336663761373430666434393434643837373163346638313766
32656166616439616231393233383464663764383033353263373036396438353464643835663561
34333062333037303239
