$ANSIBLE_VAULT;1.1;AES256
35326433366162396365666263343738653439646364356162386330643432366137333865343836
3730366335656163326337336465373433653364393364660a353161623935613264366662373138
37636534346261343730316663613231313437333335393032393166356434383866613936633065
3834306365343539350a323739303766343062363832633661663331323863326237313964313736
31303737326236636366336364373832383436653835343361373564626332303538623734313466
30333031366465646362326335646336386138396364386436353338396130626237633231653039
36613931386165633235636231333537393436313161663365623064366132333432393331646536
38616632663031643164656232616562303566386366623766393566663032306364653330366331
30376435333632633232386161633165323333613861646464356639396566313165613632623534
62313835333539643834336336356163336239663735343061646164333561323962616330323235
38646532666334663634393562383161656461623032656135313662376264393864373830393862
35376561363332353566653139313630346564663134376330626136343439333366383931386333
62353630313737643461353136303238343062343064386331303835306435613535396437303034
61636661346230363432313732663564623961616265353465383733343865353239653733346366
64363133306333316566313230666362643266646439643362616633303233616362306562373861
37343031343235623530623734653064326439353161386662386162313166383332373437393539
35306663636136336332633130333365303962376561316230333230626361356634613836656135
31323565356633313562323632393830303535333664336436316130323533373961373337323434
64663761386261373532376335366332383731383666323532653764376535363866346338363263
36633934656538636535626631656463666331326331376332653031383139356639356335633064
61663836376466623039666539306436333564343930353164346364393063366138653166636162
62363163613866663064666236326239396538373664376232666331663366363934373431343138
37373462303638316132666338313065623433313564303233323233333962353836386664666134
33343865333432396534323565623461356334316330386662636263343561383561363631656638
66653638326634303430353363373337633163663561336535613432636434613336653966323436
36366339626632373035643536346538613032353331316162663037376164666265663361646665
35633935393733363366346637383666303365386564663662353931653865373037313334353032
34656431353363346265666264303764373934633462333666643539663935336132636139323661
35386634633431313332663030626232623230626363656336646536386439633361326265663062
62643834383836306265363264393938313433333763666439396234333937633961373339633830
61656530343332656438646130303865356165656435386537333238343263346431313566366539
65663434623630366331613263376539376339356336633933623665643930626133306532393263
65363464333230613633666139353661386465616263363739323433316137626431306665663537
65346262623632336531643262306164333264643835666463383234303661643764383132336530
31653138363137313865613536623463393834623161383334316531663864366130376565643337
64346536613030343862353465313238303037323835356339386531323165393638363739666133
66383439393139643036376532326363646231643762363765633638313433613936633765353932
62346338643331306437376464316562343961303537373031366233366239666633353161376138
39363036386432336332366463376665373539346163633362323234306135343265316463323239
37656236323661616635646132343637373330666563356438363663363830316464373137396334
32616662646131303536646234323939333931343331363065393665663634666330643532613436
38646634633162303339353130626238326333663764653462666633323965613865376463643937
32643933616136373662373662323363323234383061303263383535353036316561363335616539
32373731633738613935356163383331633537613838353331363337643337626133303863306333
63326364383937383439626338613736373437326639316136663336386464393832646365303164
62666666623939346136303662363536626264366666646334366436323230373963343139383065
34663063303862373161363861633566636134306636363230346437333234623230323635653737
31616165633430653132396564363966373330656465366533383734663566653563356538393239
62336139363962326266326431666135653438636232646665316236326531393534646339316635
36646430306639353933333562636233633932633635663231303963393836633266393734613065
33383766613533333932353131613330666232313265626231613837323633626232623663613564
30643433323037613462326330376365653433306163383161663936336539633862383162633930
65326636303134616534393031323536353030313438306666386331663630346530663133653932
31633763623934386633363433653033653434343237393137376333353661363632303638343666
35623931656264393534383336393439396239656439363662386463363563656464376438643562
32366139333436643330303439313764326365373162363734623537383132633165356466393834
62366133656239626537653135323164383839326662366666643461303238313430356164353338
37373330383562373830353566663864653538343763316263643232373061666664626535626139
31363266316334613563643963333536313961656530303133616165303432623633323237333033
37663536393430633036646231383634326238363639383166636535303361653761613539313333
32633033306433663936326435373765393266613438356165363463393765376663306361656632
64633631393831373432313965646465343232346632623937336433306164393039393731326665
30363234653262323364633231386231343637626633633662373066343164336561623539396635
30383635343136396133636562623634636636373734343662333261613661633466383662613530
61386535343766353332303233373538343262623838643235373630663139353337653033646437
39356265373036343931363062643636633633396431663438653263613361383133343534303833
64336266666330613438663766613038633162313666613562663634626334626432633635363164
31366335363536353066306335383939333730656661626430613765633564353464663834646437
37316235303564393462656632663837386664623033323931626161306438333262323834666465
30356165616530633034333166663034633537336130366636323064333065333663353162663439
64313731633039653431386261323233393736656163346438643333636133623861356536643562
33333864646537323439376534316531326339653330636665316565336332343366313739333136
37393263343764383561623235623565626662316663373233623139636134396638313139643566
66363432623738636433613138646439636633333039393962353263666162336232663033393137
39333831383033353332373432636465666164326536343865326630326533613637373434366661
37643032343934326464663432396339383434343336346463626435303737306235336364623536
64326234343134376533646161663830653264396432383734363566623832356330393161306336
62613437613462616636616532643261643639316139383566323332393763316365646161353064
37613136636232633066613831373632636562303230363464656166383535393033393333643430
37383638303763383139633530383330386630656563623763393161393933343134636231326466
34643465653065666161616661626533666637343235663334343364613638643364663934376533
63656163356264336263333565333962313135323966346266353137366332376236383238663261
32396565323662613430353139646265343036383964336137386364623336623763663764363735
62323863386662636163646130303435633965343039313334656362326538313663323665363932
66353437353661656465616630333166653033306666333234343564663732623562376639633565
61383231396161326163653034636538363539646132653132633238636631633866366166356237
66303733616637363638616263646164653638333237353536616164643830373166333330353231
38346363646436386531303138623663363432666264343937326533653234333733626338323764
65653064646262306262303764363831636133366661393539383030323463663038356464303664
36633236353537646561313263383666346237663037356331626362343033303561633433313163
39623534663165353565393232666639326261333632303938633161326536366432343361663163
65643731366361366133363764343134336665363030353762323937393534346665646533643734
63623932616330663939613036623266353431383934656165626630383130303864666231373663
33323637343364313833633433396239663465303064633264623238643065356130653765623665
34383134393066633932633765313762656631336233633565306337623334666563633239633436
61333932386439373638643161646166306163383736386165326232393638646535306439316261
36663438623139323562626166303734383931386539393865343163663739393834383833343638
37383632353965313636333533323535313061323733626435336438326161666566366463366363
64663731383238386636333831393734666236376339643537386263383033346363373336393035
37663130303339633733613836333839666137353938613363626236663133633737326132643566
32333063313962303634613464326265313632613836336234353562653264316235376134386633
65633763323566376330376562646331333935653030613934613066303730643531323136313736
37666534373363393464626338613361393735376439653139333365313831333730666466623064
36626232353233613564366130323261376432373362353530613566333730373236646461333030
65653161313663383032633230306635646636663436373364623334363731326534613264313133
63613932653431663535656235383237323632373332333131383431356631326232633631653937
62653437633935306264353438383330663532383561346134386433643839366663613561346132
35353736383733333132333534396535373662623435356437663864323733303833343962333264
66393064633266636134643365636162343937376634323732356234663837616365386138323533
65393130613762623937303566613139643434616264333864346632336138306163303864343733
33616662623462376336613135383638356537613364653234663039656330626465393534313032
37653735383231386666303433623635383138636536396362623639313562373633326436373234
33663766313663366634326239363962373430653131633538663833383065346139643934613931
64366231323935386635346638633330326139313764373364336234653265366461393135663237
61643434666666393963613633323238376332643739373465363931323539363766396134623461
36626633323639653766383264373638646534306161616563373338336637613130663565393537
39366330383263346630336331646265376263363861626539663361396633376437626132316137
37643931353538306662393538353263643131366335656134386663623861306330393766633262
64366563343631633666366364366536376631633831653731396263396532376438656561343764
36323766356438373837666665316265316430306537663039616138356135383935376263616561
65356130326564363166643837623264613136323439363934653366643735646135636534386562
65333665336363306531653262383862356464616638356365366464626535396365636134373235
38326662303338643639373934333939393337616633316339613631316466663635616137363638
61643632383136363161353234393235386231653835646264616135323439643666303733333666
65303637633937376233663738393463626462303065306262343235646364346661323435656637
32643933346566633732373866393131336338323339363533376631303836363233623664303564
32343464323466306332373634623037386330333130653130316431616263383336326636636461
30383432373038323365396464346333313431633336613466616330626131653733386136366264
31353437373735636232373665316236353636666439616331653232346633373233613731666661
33643230316233363635666662636436316533386463366233353137383034343035643733623536
62626361623034336631643264303339616230376232616261303135396438386232643631656433
61306636616538623932393463393538363339623431393835333431323135306161623963613039
30616335363135643238343231623863326233313235373265356637643663373666333231333032
62323439626665376162633439616637343035646235396363376461623635376637306430363263
36393263306331633938383861306564323865653035396430653135666430613439313962333033
32636438666331666339366161336562653465356434383265643431303231663061636563666431
62306566333936393962336535323966333534313765656432343930633039666230653731643234
63653937333934393030316333643238313630643134373563366332336537626538646238393338
39373861646661306137653034306332396666343262396637346662356133653434633031633634
63333265633334383461666239313965633439336438396165313238383561386165646437616230
62636566353764623662353066643036336465303431613137343736646237333937373961376466
36333866663362383461333661643032306231663930386132636566393031336439353838363630
64383439353331653862333839666338336637313236323261643764623538316532663134336462
36346630386432636338636435626535663932336531616361366466636639323464633833626434
39383437373433386134303064656337316337393764343766373332363234653562356533336366
35653032353337383933313236346435396633623361616562633266316164303862613337636566
33333535633132363438613065356163366164353931656337666230343165396665633736373565
63363439373339316631643531366438643737303561323666653032396536623938623061343862
65646465663431396431626638636565653939376233613432373734643534623933366261393066
65353734336161623135346135643735396462376565633632383566356531373536613566653764
33306136366334373430616331396134616335346535343462356565336639353631323065386263
65633834393535353437323734303931656530333162376531393564393531646637366539303563
66646464653235366137613732393532616433303732356331666562613935636632373436633533
38383665346536633831633837346665376433393163376234343034643131613562383765396331
61626333623665313432383039383233363162373665303565313031353165343239323939633363
34343963393833383436333537396263343665386261386666353533623066356331326531373437
32316536636237313933336431353862643936306536663533643665653964393134336635333666
35656335633839353564623532353837313138623733336630343033306232396162396536313062
32323130393065333461353735643564396430313935346662313966396638313163313339393436
35383035356438306131616564623263376339646161316130323162326462313132653639343562
31633864303536306331356564663838653864333731316263353438623531396162333134343961
62666638663964366366643031333936396566323634386634326335376231633439333939323137
65633766656365656262356464393931363434333266613139636365363531656562323334623031
31376233323962643033636137383134653737643338373230363635363334383136343836633137
39626234633731336138353836616333653634353136633163316465663932396566613038303038
35316339333164366631343831386535313331333862356139373537633439613438343266373031
39343430393464393032366564663831376637613362663264633533323761396330633132326639
35653564633762636436316134363766613964623631626538343939646538326466353932333733
38663565363533386338613931336264396237643966373066313837326233393933303731613662
61323463363039373161613039323735323166353537666339303162633332636365376136643261
38666563653030313633383861623464623935313432623935633432363633393430376166643864
34346162353137323934383661366663656235303130323436626331626437383261376434646430
66353136313161623237646532326333656463376338353430626431343335373837323065623231
32303139313330346537666165633930363837626439626132343666366438633062656162326233
62303530303261386364633035353730316339646339636661356530333338666233366465313837
65613133633932653531373266323232623561343931336166633631613064316165323034313834
38626136376535376166393530393163646136306236343065633239613137346233383435303239
35353862316361656536643834653463613164363562396533623938353430663065363764643263
33383464393137626432613764623233313133633365316361386561656134373330333062663635
36303766393238313765343861653831633834333762666431623537613865613263616362376239
31383462653135393666353231393865386639636130316362303737346531303032386562376663
30363831613963656437373461383965616261393364653439353464376163376630366365396438
63336436353261373433386432303061613266323237313839333236383732376331333537306235
30373566653862373033666165653037333639613364313662323261623539333163303636353733
38663638653562383862373330373532663730626531396230373732306234363535396663313262
64623566336438333937626634393431333964646466646466623536663138346537303762613332
39303430633961653131343139333662666365336139613630653263373632666165653466653738
31303161363636643937613137343665666666363964353265303862613664636466366234643166
32383138316235383663353961303062643231383539626433313861323932366566383664336435
38366261396336643331356564376236306339363238323437666362393066393662336363643834
64353639643935303535663862303165316635326139333836663030643637316565646132306533
30363262313032356563393864373931356437383862623838366262653238303039346430653562
35313635663464303837366666333461616533313461313531366630623433623336383736303062
36653337396662306235613332663935326439323134666233383736646135633066323431613233
37346232333637636632386130376432353161303835356337663066323362333836363561363939
32396262366438653037346130383233386234373263623437396635326461363835386633343464
30356264666137326231393039306238316234663438376564343964646135626466326164613431
37663065656662353261653162356564363661663064613261613963323838613938613661316231
34646631343131363632636565386161663664306266316632303166333136333538353464323962
64303262663931343961646566616464376335663232613233306338376230646539626366656131
61373035303565633233666635663130643962353731646663356662336437366238633866366265
31376664653734653562633863336630353039613534656633336531386339373764373732383639
61663334633064396639323533353864653862663264653166313333643730336664613265363636
35643230373930303234616630643035363361626433376465373562646263376633386564616136
36393465656263643237333864393063326662666139366565323861636562316165333462386432
37643631656662303830303331346132336337666135623732363864313731666637363261303237
31313235393663303363343661313032666631323566623933616335363832396566636332343732
64353036666264653861623061393164646634323339313035393565663631663233313664366332
37646533663939666135633031373566396330626362383036343036333530616233616239383533
32656239616330396234376635613061623462666637646562666132356638326564336265363566
32316466643535333034623237336133653439383761323635396366616334353566303033326465
66383565666233623231313365303431626633666464383661326539346338366535663932353764
36323466653234626431633934646265336138656331353531623536666161636236346639633466
37623936393839643638386230313734656163306139316231623361656438343539306434376166
66376639373735623463633833343462666139356634393737393939613861356662346166366163
61313139353739303734653964633932616264313062613531393266356164616364663135623366
36386461663164383430336566326161316233663430653065643065346635343464616264393562
62643839363263643261333963376361333431613965316565333365306634653336366638313263
32346466343735393134333731383432636437343966663932363464323262343638616166663438
38363733633231333363356534313734303635316661653939666162306362636635663535313138
36346361613538346138343062653463323064653063373734316166396136623265363766393333
37343437346334393764356162393831326666303765363837303365303631656564383963613863
39653635613231643533656266343131313239626661333363356461383765626663353164356537
33646565373534333232623736626465396433313365353132396534393130303834343930663262
30653638373835313963393865353537653832663735303438356366346564623530633662326536
62343639636630363232613234383737656630363061663531396438386431306361346461623839
30353864346136316137623535346232666564616530323261343430636265336636396637633933
32616630343562666132623037623535376435363961336431663130633864316563326666306433
37653431386338336261366265643431353734643837343331636263613130633034303166346463
34396231383539623131336162313631323630623734336665396637333465653663633662633166
35323535376139616536353662353939613930663233656133646439396439383764316532396431
31323664373365646632353833386263663134373934363764356162326133353066626565376435
30633265353733663566653038656435373730303265616533386339613636343534666435383032
3663326234323638613339313131393437336465393462646437
