$ANSIBLE_VAULT;1.1;AES256
35663066623330633830613334666337363230373161623464306465363636383835643832343564
6236343730313330303438303062316534616534376533330a363236633937336532666438663862
38313465653334363037663162386437663234653332623930333834613135343739653536363838
3736636539303764630a323262326338613365393632356134363831626630326132633762623364
39313334666261636332623535663333393736386230313965626435646436313130626264643765
63353534643761326166363961616537623535396433336336373961393265383938633934383430
34663836613863306430613562353861626666643664313330313066353833666565343330653533
33623734333034343663623039366232356163376365306365626164376463333235623733643431
66316539386666626363613537373663343664313431643734386362656163633834643963333361
38633066643033376164636462656566396437306236376465303431373961326662396538313063
62326238626131646363383035666162373963613835373966613134623936303430623731383163
63303931653333333937353231326133626335626637356533663439633436343264643232393632
30656236653034626462396430343834623930376662386433613865633164656531326562613537
64373238633338643265373535336566396365656539316564656233393430363734346665396235
30633539626562623830313938396434326232633734393336666433333235653263346236356465
63316137373465303937366531323461346437333032323364306164383861366464326630616362
65616634363837306665396239393764646363333632363264346261366138373338616466343130
35623862326336383932363964346133336661616433646562663834623238313962343435643433
33353665336161653431336430626263363639663639663766656235306266343063306539623063
33633335363938386265656334396332613463393931336266373863313835373466323161626334
36373037383161336161313137626239333035643965393030633437616261313138613837303132
36613134366639333731653939393863323861633830326338333166343438363662383365336435
37333239316134366135346335336530313436343538393530353862653066613031626634353536
32306464383164336337336264633461643331393164626535653336386534373361376164653937
65653831623638383966353730396634623636303835613361343537623964393764643461393336
35376237303737313463356466323166653237613236333266663561346364623664396461313633
66373238633436646262333237393734353034666631653232386137646630326635393564353433
62653562396164653738653833653064386265666232333365656138373063303236616331343163
37326230383665646134333435363531643862303533343965333962363161643965373365346334
39643064613361643630343439653065633533323764636461646661326533363939613361326663
32306436313734333734373732373738313131336430336431656135666164386439366361316665
64336532343664663863386339623038336136313236323936666335626663373962376363646234
30643166316162373836613762316563343164376536346230613561626136666339363637326162
31626337376265376461623638373039313265656637613862313765313434633437376234386133
33323633316633336464363137326466366339343962643965343837303661633333356539656636
36313130613831306466666565653532366163363961626537663837623636666334306534333463
62373035386630643836306330336136356639323838396631376532636431353763333731336239
33613363326662663162623433366263323765363539336139316565326136646639343730303765
39313534653034336265343765386365633738343465363334386133616266333235396564323463
63383663623066393133363332313763323764666561346336326334353137656230623130373035
64636466376535383931633235303532313732333933303632346235353036626463623566366565
61326235323434303730303239643466646339646231386565366133323966326662366561343637
64626530623938353533366335623962366266613861623036306466363262626365313336653938
37366130633363353337353137363731663663623535313134393462366232343934396533633962
65323133313039666337643938623732373937643735353061333961313061396131666564373839
65303966396165393863306230343466326131633731333037373565303638363031636635393566
39393462316434393463353333656136343965636333613538623161656564613931333331646363
62336430373561636234633837616137353637353535323837313134626561373238643430343964
37323531373133663666356631366337616339646461666265363332346231623030346439393766
34646665323666333061646631656234336138616461383863616532643430393762316430353134
61343566333165653766636333663961376265633437323564626261303232373336616236656330
61376437363838396134633131313066613832646532383066353732653962383232313062643966
31363731326136393962366633656135643262396637643766333062336234333935623630316130
32373137653837326134363865643266363831616330333233363164316239346561336538356566
61396136663036633934313535373338326562303438376663306436646135663239363833356537
33343562326566333239393537393331333434626463366636653031363663393362313661613230
64303432343431643166623761656537343662656633393639633835643563303335303761316662
38333430336566626138376335323430633730363939393534623230626566616634313264646138
33376435623131376561663662653730373339653537353065623461313235666132393433396339
62643561393230363938656263323630633739633266373264366439333539656161393763663235
33653036396162373831356433663934346632373534616232623064396238326262663337653063
37343261656530313934356137346262646237383335363162373563613363656235626537666631
32336238653362303934376530643331663663626236313862356661396365316637316333653831
31306533343463636533346533396630386461306439653162343735666636363838643466343236
34626630663765303036616263613531323733646435663565623436383435373136313131363036
65643634646361383331303962633633396237373161393639393862393863376237363933636364
33333838656239343438366135626432656334303566326439313136346138613639666331303435
63363164346362373163323831633837393836316334373433313264333166373737663239383934
32336432303964346537626263616237626631373532613861333461626639653566396135623866
37316165306536396534646662393730333335363031356330376236646637323266323463326138
30663466376636376665373365393930356266633762316433306161376533313861643065316439
64373432383236313162353534316532363034383964663164396661303338353865323139653332
31313531643164666333373338333331666332343934626530626336333032653964376332303465
63383237653131616637333333306537613965633538353261323462363364623338643039336531
33386433663031643837316539316661636561616332323064613835396335376338616564356634
62343934396165363438613535336533393566616464623936353236323630326436323834386632
66336336666130666239353435366536313337653765653530383064643263353261363936643637
62333932376232396361303137353631633234323065396565653035376531663861646564316631
35373962373466636331303139323839623631636265653565613236313530666566656131376631
65353864373832663432313565373161303066666437366463336465613566366536353061396166
35646366333234353839613562653663626534656133333335363431393961373065653736626238
35653966326437313632303335633063313765633538306130663362376465393661333739623761
63633531643932336161626633353532313230376363363939343961653733386136373664396436
64373964353135633766623662303666646432373730313831623735303939383965323532383061
61376334633434666366373434303034366432336338363239393663353039393138363135343466
30653731313937623734373738613138303535646234356364363765643436663534353166386233
35346463373932316436363437666465633563333634326133383531393439333137303634376563
37343330643464386663336237393536376362616430373132353830616165633434313936313932
35303362666431616634393166643435356231323539363736373062616362666336383335336666
66333564623838396130323534343234643332653839386336373366626165343232303038316438
36643335356335653063323934633434336534633837323231353765366630313764383362393338
63656239386438393730363864303536613631313037343634656633323035353234613761383539
66623036303133633932643530656665393766363766373533633633336662613839343534343134
66343862333133366336336565663431363333376364653835303063643461663236383465366332
38306466623330376664333638623665343332663462666333356461653534373033373563616265
37326164653365623134643433356134306363663839623836316239666534303566623466643837
63626262636433336331356465323632356461343231393039336235313333363632663738613531
65663764663963383561363139653564663530306430303238396561623930333631333137333233
38376634343930666334613765396164373762623637376265386163643764613563336631376133
63653562316233613361623266316639616231303030346232356664363934316533333863626639
64323634306139643231313765356466316634616631313330613764356431386638376533626332
32366434316361613431363464616535353037346165303132646363313534346161343336313162
66623731623764346563623830373465336133323166376635306433303262396264343561303662
66386162656232656239316231333066613764383365393162326435376334323832313330333665
64353361653637306364373362303238633663353436656536363034383262343930373066643466
34346230613639306635666162633862393464313866633535623235366563363564373939613665
33313963373964383065626634643261343965323462653932373834653464633666643962646136
62343561346565373264623839323138636166333633326633336566303931623632613362373236
31626538383265303436376265376439623334616566623866633933353737346565343263346161
64623232363331396265653635633465383837653264346436343730633433366532363966636564
35323536306564336161363766623430623462663935636666353338333130663034313934633066
63353061373234386132626362646235643438326134333062396137353734383965366436653062
62346439333563326538396465663361623730666639383438333531663133653839306439656338
62643736343735636335343464383365656363366263376262386637366139333962393464303561
32373562343063333462366662623930646330393266333133613630336464356635323436306637
33393631346166373362386430666434303332393531373938343030663238373639393131303032
34333263633561306564303336383539313334636561363638393437383032306662343431333261
63623836616362346538623461393631346633636630373230363038373564323639323664333533
61313065666630306138333361313766373165383231333336363630383431393432636139636664
33386662323666353064323966643534313662356263613563356233353064333533326562653631
63333737646139353866343131323566363833626265346532663961653161393365306234343762
38316532313864353465356635336566366336333436636131356262376463363762656361643937
62386630323937326437343933383762356663303037346338653133336564646461373062356532
36636438313033356232353264343732383135653830623265636435373065323938616631353363
30343631313135646363666330656665383366383834663632633564633561623234643539663232
33626565333664646434393338363163346361613635313636323239393738653666393337363866
39303661373931383863626161646233353730316265613335396336323530326338626561303566
30396631366339383161356532383230333931363762313539653264656262633631643337323430
61313264626637616338323865396266633564333061383266343863386330386536346533353962
31626237653033336266323332333439363764396461303732396330396234356537643537373230
61623734663964313033666139383263653363393139383732366534373936366463333333393363
64303565626565643965393965623532366435613235346131653564383763393961653763646233
33333365613561626433343939376539303235386461303931396164643865303336626665633030
30333135613339303031666162633832643562626665333932316435626466376531303334356436
66643430343839373961613764306437653839666130616465303039663063343564326639656638
30623536666330323832613635363763333436383238326531623165623539346338643961613663
64313935383230323336373362653836313564346561313234306432623231346630626636313165
33373764323961633264633335333239393662383533613630363965366465366338616663666630
64313861346465323335396666393739353739633339333436636266656337633639363865653164
63393865663333626363303964666662636132643365373239383664343965653163303037636661
37303237343835343337363162323863356337306463346564363836306438383365613539326165
62656230333437616532616233333965626637373636343462326438623362356638323665636331
37646636316639303731393465326331613635396561306332623535623064316131636234383765
34303639303765366331626630366133623936396461356635646138326662616464386635306235
37306639333837656362373934333134663963356638373164376132613337363733633437313538
64666636393636323366633534333336313737623438663664663534353366356131623436613862
66353735363133386635633935663835633536373737326162363364663561623963623138616231
62663661316466386639366464386533323563326163323739613632666134643237353039633332
30343330623832336536663761366139343736303435616531623737393235346536386362306330
66653234393766633664653637323138663266373439633965366635373335616534373066323266
63313764333432343333623431646362353036343036346563356132313336353433656464396362
31343736613637333932643061663662393838313835663934323164346462626137633961393862
63653062346531363261376166323637623537613034616331653466633164623735303737663932
38343131313034653562663239613431313334646535363332653632306430616538656435633261
30643738393963383565313438646264366564663664303933333332306337393465326362353661
63646434353933623831646133353434656662646534666136386235623161663030336137363338
66376333636461376361663166396639653437346364366264636531356135666164346333663030
33636164633434656366626336363764613535333131643666323564653065376437643263343137
32306535613864313062376633623861633865346237333934303633653235373335336139393135
61653339663762363131353966613538373932333233326338653230633432313734303565333861
39336364363338363561303934316433643733636264363239653465636363393936663930323263
30613961663438643730396132316335383430363630306436303563653730633431373431353837
61643731306163633466353535653737346232343336316433666436383435616236393035646539
33313833666364623830343038336666333562323038386539653139393735343033343964653532
30393462326432643566346530366531623133356435353766656631366633663031306334623138
33343065636265663731383435613862633138623838313865303062613538373330326239343333
36643261323535396435396163656164336534363862356139626530313666366337316134386435
66396231653536373464666538353230393436356262386365313231363966316637346131393961
66633966373335656364373434646639313065323030396363353230653436663234323362346163
66376133326537376434336261396238323536373334656630313331626637393135376337653734
33333661626136613862393064383766323466643361633436633666383334613331323461646638
34306539306435643336366430653738613831653630356535306530396561393531616162633161
30313435363364346565393732343835316665363935376638323762326435643436653634343037
35653434383666353433343161623266643765633932313838353062626265346266383762353635
63346538386634356261333939646431383235643130303734636330343265646431386431616562
38363761386266633234383333303433666434663765636636386262623937303363626230616138
31646437303762633462376337633039343539336361333939326531376137356530663834633865
36376163366561313261303234383065396633363363656431386231323262656264326234346336
66383332653762613539393966373961333262613538316639306238353333363233666162666133
39386634633936353461383231653437353032393933653465376639616365333237643630616536
32363266333361613964653564353935343865613661656561326630626561633364653632303561
38316436613434356536383636346563366234323136646530366365353533396634326233353536
34333437306465626266393634653962633166373730633661663230356233376463666338353238
65653931656533376662633930616339333862303736663065626366643439333139303562663763
64646262306262373964306338393232633439363931313039323938396262356462303835653961
37646533353035396165393863336534336234623737633737393139323736626362363831356438
34666566303664623836383435636166326462396265343064383162303133383536373234363864
32316234353733303831633237313139626235666130353763356566633639636638376566636539
38356164323031303763393563333036353135396161306135646633613762373163376466646663
35643736356461383935386631386565303535303865343734313336656235333237656238346664
61353932656566613230623135616261313139393137366664653363613766383431393732353237
30636230393532643766653762336664623661313537613162393138313930333631323739386334
64643363323731376535613466386563396466323635393664353265326133366433363239363236
33353935393336346463353962323835303063626566626332373038313732303738373062616134
66336464666333653835666166623139616466633739613464303432353432623961363336363535
66396133306132646362613563336361643363383738373664363463643665353766383039313936
38373030643136656265663938323331633162383066376633616233363231306361613037353665
30636634616566666262316231366332613132656134356663303732363364656539626664303932
33643439363165363436663736616263656439363435386535613964356235343366303637356436
64626635366266383065393139616161386461393633643033396334653938323331393465313935
66623132656638396531633431313366373034626464323365376237383935383362303662336238
36613866663263393634366139313765316233623439653262316332396536323638363930663135
35326135666162616664663136363134386130336666363130356637346331323164383663666632
65633761343238333537323731363764346530326237346637353066643461633432663634356231
34626331376161363433666531373361613461636639366364663965333861346238303531666536
33383163303138316565653164326266613362636431326539323330376362643431623730313564
62386232343261636539613135346634396262613537343063316437396630303261373038336265
62353263636331343936616235636361333837343765383238353238636139613435646537303336
66356661343032326435363339393839353031373434623762643264306238323763643632393466
34326266643132653438656434396562313035346139623866356164303430393066636134353036
62646532356535663539393536373235393336393336346236613663633466313636306131323036
38386530306138663336656234323432626531653364656633356635333031666539666266353361
36663530643661316631633662643832393139323535303036626661346231366334356635373933
64613861303938333666313334633638313465363362623861313261333462373139316133306164
343935646139396438356162623262383630
