$ANSIBLE_VAULT;1.1;AES256
35366637643838653464666164353039303235653365343436366163313636663535313538336461
6462326138316461663931376436356233666466343664640a613464346564363632396365626637
65633466376235633434646631326139376563376139363963343161383831353636313433303330
6132353336363935370a646566303635313966643332313034323737656336636532336635633365
62306336663964313936323162343065323363386337366665353030366366336632643835373339
64353562313365313434366137323032383462306431353934316664343636343764643537633939
31633265316335353830343531666266323730663432613536316561303439343339663333383066
39326462336166373464393962643364643337666333623266303832316338323662336538386362
37303061356331303730373063663934306535323762666264616466346133366161366163366664
36303235326530363033623965396432396466383136396134623261346565633136343564373166
36363164366162316334323931306130666233653536323461373631633338633034653865646631
33643862633566646265623664383936356632663938633436653831326133363762363833343662
37326164316235306132373837396433363931386639663633633334363137383764366361663434
31336362333566333962623734393031636239343139353335303261633934346166653030616266
38356661623532623866653338663261313462383561623634623339626137303263353237366235
64653637643561613530613430396162333166303563366134363536373465623461353236363763
65373836323733643836633262333833643464323132616539323563343633616336363730663134
37616636303965643433316261373935363936626262633066363330353339386238336661366262
37343037316536303934616232303332373862396232663763616236346361393333393333303766
63383532393236626532386565313035633766656266623163323238633161383034613931643037
62346436393334356233616333383666353530333763663935353437663465333335373037363332
66636564623163353432616330336163626332643739323334393663646338373764313538663438
38633433393563303734393633373334303661313430343064326531383362643866353733393532
36343639313533326663383730316530643730346236353763316430653366396232363833366266
62373833656165366263383737376462613636323363313631623438376664636331376265383231
39333539666230346539393861373333363265323137636232343438356632633063343237653931
61323062313261663866653237336661326534646265373232356233346535316166343963396630
32323836373765643038366434393432633833643133346666613032306337653466626564333134
31363736303462313263326366343930313861356535623763313062376230313661366230613031
65643638366638653364396231333531323437643439636263373833626435303137363732656635
64383539653635353565623863643939396632633364333235633832333561663331303530363165
38616539623332363535663331376436646138626365376466323365346461383461306534383231
32613732353164306137636435386430323935386661613735323066623131313062626330386535
62633832396639373731636161623337643138376231646162383462656161333265326365643566
37613064633063653262313466313665313931656464633537363062386664393466383965353064
63656261376433383963396137383432323833326433666466656236613736653366333635356562
33326264383263393962626539346264636336616137313064663961636264343730636631336633
34343732633465636362326565333430633063303432666133323664373563653264333530333933
34613665333038653434633233353961623930373230323432616335343038653431656536366130
66373832306362383537393637376464666639666638326561613434383231313838326531646262
32333461316437346635653238313930623631313937646536306663303034303664616633613833
30353839393335666464303065643936383336616163346165663866666462353264666261383765
65313061316565623363363033393965333565363532356134613936343064303839383235643839
34383663616339326638313261333638613332626438353137616565373433666138646434353065
65316633303763393330623461326230373364386535366633373038356232326336303332393366
34386437646533623335396535373865366435376630306131316238323330373530303561616439
62663531356630373731633235653762316362363735373663343539623334353838363432363537
33623331356162346561363937626534343466346665313561653431633466373736323937656333
61393835616339316536636462623633303531373262343666333066643236393330393734313730
39616534366631346164633664653334303131646464613366343731373334373730616162653731
30383964396432653439656531333061313462336536613633613436623966633933303136616234
66343433616437663933646236613733396636333061653934316137376139373336343265356363
36313234303637633862383562616136323635383731383632653438336538323763303864313331
62396133383832383434613362353833633030653034363066323066303034613136653862393631
35626666393739383230386362363438663462366235386563623864636466346362616463613062
62386665396163646336306632336266396462343062633733343966643063393036626437323835
33623830393565383761653932623762363732303431653939383732623739626431323062656561
65646336626639653864306261623631383564393365363663376630376436343930336566336136
66633339373564353731363831633539346337623234373062373936303961396339313536663564
37323933393463613261356539316135316165343663343861383030393536363237333735383232
31646333386638663666373165666335616465323963623263346139306433336263633961313762
64653835326364353836636237653136643933386232333732353333656532313337366335326630
38643630616466396262356263353864396261316635303065313830313436643262633933363535
62333435636466393862643065323830323035383131313830663030636631353265326366366331
30326630613732663830623563613332316536383830646534313734383530666434383938353239
33306531376337303464323932396262313830396436393436326463666138343066343339373562
33363666353136663630363238333032666439343435303236643533383337366433383839656532
31383666323564663963663033313431373639623036663465333339336131623061336435376139
32383238333631363165663135376237633133333239616539643333353662633166353931623431
63306132613663326164653637353662643666313232306466633732613330346663643961643465
63643331316662633464336337303630356161373763343561313662346564646464626232353363
33633137343236646366336330326234383665633039313863626233313063353333343239346164
38396266643139656464346233643865323438643666303533323961636330343863623863393561
64343932616230323163303831313364336433646331333663393633323261353537363664383563
37366466653562323132653965336235626265343231373239646232346166653635623136636564
61633062373963343135643135666238653665633038333961323937336538633534633561663264
66376365306635656335613636366565383461646363333737636533343464393866383633303264
36323266666231373734626130393938633638336135616164303533336637616131643738616531
62313333346538386562613537663962633036396162626134646266623633393839646666386232
39343738656333656461326464623566343831663664623531366563626231373362346533386139
32623037663065666337393765363438383462613964383864316332386666396365306632386433
31646337303139336530646666613634333866383931643966336238343037323930613966316333
62313365653963313135613330653531663562623964343761656534303361656465643861303862
61393166356435393936333339386339303861343662636665323537303463353831336564323437
34313030623030613032343564343533623137613766616534366539663133396138366361366535
36333832656137643464373435323066353565663564303437666563636334646430616364643162
61383932666430333233303537343437363934343762623337353862336264353463316234663330
35623436623161303964663634633463626666323237323363396530346133343463636666623061
62343232633136316239393330623438363563663234346562653963396137316235353961336436
30626230373432343735653437643334646465323332353431383434323361356264313837626138
37656431383136353262623963663239616166363631323165653738313837633964356262646138
66393761636632636661386633653963663733643066376435653063626339356339396533316264
37313030616163396232643331653265393466393939376531343763373934336365653763333861
66343665376538633261383164303663353835356562666534303664613562663433386132343762
32333839323235616133623663343036313463383566376535323430373435336339386163343131
30623961383463613835653331623663623035613637373263353135366430366165393138363662
39353035343865333566343434663465643034643234333238636364303631366433653666646637
34653039303235333965653530303637663739346465396438356337363132346633636462623035
61376633636362313732623965366533653162326139316464656130343164623630306639356633
32616631643866316430626462656534616361646162663762323561323837363262643161383634
36396434653439306534613338383164633639613962323866343064393439643631656231316261
36396131643032386130663163663862633962613462636663366437386631623461386330393363
65366365383032363031643337613830313634643731646530316666613438376339636234363432
61396364383162303733636561383331316664396661363363363237366434393038366538323232
34353730643037323962333030656364303033323263373338613564316233333963316666633838
63366138623832366265663335386332386330376161393331366564306639373831646133316430
35393134623230643663653633346238306362356236306438373062306334316264346432663639
34306634373632363261646163356164393532353831303864306166396462303766336231316534
30366539363031386239353766383965646130653535316566303464366464633538383164623534
35303033333031363363306333633662373236313537396436303831353433386535356338653035
38376335663636353930333134343762613864313862646532313465623461623937623262326463
35376265643332396362393663653565313933373664623530663263353833353236613862636538
61353039383838663865643433663062623136396238306261633039633635343434323132613139
61616461323130366239346630656164653166376265373862633036373465626239376235316334
64623639353564393735656265333466663735656462663033316438393763336466666539363638
32616335386632336234393163646465363362306437343164346435356434376634643939303732
64393132363763316634643366353139343764346661626261643630386666393837353362323062
34323763363633616639643963376532343032323362316263666261663739346666656632343134
30316332633466633038663763643666363336373137396133643133353461616234373865373462
64393331643832623961653935383764643062346165623265626331653063643436323032613130
32386663356137613634386132653763656265326633623037306430636135643066376666333262
33636566363237623434616237623231376338303563616637343233323361626336323936323864
30346638303865626265353765356564383664346536373262353436663764613138303162616438
39323435393461376133313761303834303265336334396131343031326365666465376535366239
38313533376633613736656664383636653964623662373065663464383666343737643339396635
62653531356664353832386436383663636533636538613533653665303339336237306562306435
39623635393365653962333637323539663665393534383938643830386365663232366161353862
32383730383037386439326366323465373066376430306232373433636234363466626262646366
65613964336239393937623539646266316339326564633362653934626164336430343439613861
34656630633832343662373064623864373263613366633030303964373661656533386162306662
36326566323431643335643333313331306239333364373966626462313430633461336633316532
31333364623838323234343930653961353261343130613539663032633136303963333164633430
37643335633633366162616365323930623261316465663734613362346231656636346465623536
63613939653734363265636234646466333664336430316566326432306562336465363462653162
31316664613930323037323131363134386130363033623335616362656131666364353833333731
61636661306633646664306430343766373062383561313764623331303237366363343364623835
64323133376163366537313235346436303365663865366631653263343636316564643630316235
63313363353966373630366465393632363030653163383034323564633939623639666232366235
36313466643734663133363431383737306562343066366433633536653164383962393535663766
31366531393436363636653831613239373866623439303464323065346361323434323733613839
39393138616631393435383039353336333431363063386462303430383965343532323566633532
62363734383434623739386632383232393864343937366438336161643764356564663464313331
62366633636163373738613964653461633531366461353366666565363464653430323562393564
65333932663832353266303164373661626566653163633437633335666263633262653235653736
31653638396339646239373539623762333730656538636262383564373038366137623832333362
37343366383531356335323938393561353466616531613963333134613138623162623562623038
32636336386633633362636131353637383132316638383139383133326335356664633839386437
65656134396165306261323932623863326433366661343730313135353765373466643063613631
37633037313631323932333632653338363039636439303436333537336435393435363930646136
66666163336263373366313139383663633963613934393561626535363362356134633730636331
61346638303335623232313766383362313938303862366231633833326161366437346232313534
36623939323764626435346234623366636539353361653764633661313132373462656132316434
64643537613836333434353064323333613038323863646634363436623766343430616330643939
39373132666135393632336133346565333735343535656232643564323562356136303531363266
65623865616535343135386162623337353233303031353235613733623334356565393163313666
64613965346566643161376464323161636161363137356463316236393666386165323461353737
62366665303964366132646665353734663739386132343061316338323131633536613537323262
62633030333933383032333264643163633566383330623233656634376661323331336665333663
62306661393566653936313265653835393930366535383838613134373035346466313463376334
38653332396462666233623532366637646438666135346230373865636161316161313630303238
34303830316564373736333139663336613065323936623131643464383964356532326136663361
66393531353037636365633339313966626339663066393066636434333765303836626137636139
38343334376134616435363534633130333133386137643132663261336138386165663637363036
35323764323031323663393164323135623665613966313133643432353066346366616330366537
66396239316363306134353363643938366432333831646232323962316434386331363730396437
35616534666638616132623934333333633462373937373732626430316261353664306436666536
62303036336637316338666434386339393866646561326235303235323938353631326132623639
32356365383835363239623339353766393662303834353838303137653235643761373537376630
61393461306439376564356434363431393962383266613435666234303837323830613330313732
36343338653639383133356661363463613839316430643538656532323036303432383364336562
34613234633733633061383034653263653834306433323564303165616336303266373664333839
32363862386365636632353233396266643464643262623962623837616166323665343738326166
63346338653363653237373431303134326531303834306534653736613435366337333936383633
31356633356366393766636334636637356637336334393932306433633338613434653930356438
39383361353737323466626131623036363033663230383838323366383934363233393735636335
31383937616563646563343236323732373132653830346163333631333165383032396164323962
65653962663530623233666538623261303466656363323330386432383733663263353832633162
30393630383131343764666539316239326363333135373865323430666265623330323662346533
36656339313533346239623561303338313366343732383365343038396462356235376432623161
38393564653339323730343135303931316637366364653133343637396136336333346337316265
37626334346534353762343865643166393662303365663434346237616134373264366563326238
62333131376632623061346233313961313365373334376239373832353038366239383463386339
61393630373361643133656430633065643235356236303864633933333761373164313531323831
31653335623763333463333333633431636235313738363364613632643663646561353735386331
32653231633663626235646431643231373564373863376461383236333661393862626138333164
34366235366162383434393564623434346461643835656238363965656565353236333939663934
63656162313633636533653465323433616638613038613938323939353936643839333234396434
66383835303162366539383431396535323133346366613735663762383834663962653766333031
65326463303235626238323263313939623531383762316435333363373166663434373037356561
32383433333766393031613232353864303831373834636263313532306233383030326533326561
30336338353133633063376637626461346463373866653538373836353534336665343766653632
37383432643331356236343064636265323764383361666664323132353238393365616538366462
35373766356465386231386661323763303335333663636665663064323864653234313061396338
35623332393937383661373763656561316237343835396338616566333663313866393466376332
61646538326461393036343634386565393839386435303965623165366133323135346263373434
34633332636266633166336333396263333631323035613830306261376434623166643635623862
36626631366462383366666431366636626638306265303434656637373239313064373331373031
38653266383337613937333731343631333937623939353838613833313165666332656237333063
39323561393730343131623235653565663438316130613466313338306463663761353830636432
38353266616261613761396136623066343935353263663839303863313663393066383831376533
31316437363463656364383734373531306232396632373035386234663534646336666234643737
35323266323132616339343934613533643664643531383364396261633232653366613937306363
34353662386561393464306266303831333662666335353431636263633265333535666164376639
30356535353835613838646239656631333235663263303862626233346433373034376232346331
39363438306339643166373834353833303765373963323838306533616238333766343237616135
66383038313633303461393338623363653765316534656163326434396236616336326166363565
39363765613132646336313532663937356134633264393365623963363964663936373131343033
62613539616232343131626230303462373530396239623635363162313631663464656166636139
37633335373938653638393333663761346635343134323536636530663464636266376530363734
32376339633566393239373839623864363161306361363330393565306365313164323364386235
62323562396139396635353262313233363766353436393031326235336539343934306566333436
37623062343532646632303330656334653937623833383635326338376431346637343538633137
63303666316361633266393764656638666339643636616662626463646137353963356539346266
30303464346438663763613335373235613230613931363231386665366631363838313461366136
64376536633366653561313962663263363935313435373938336563623465326331306165393038
64643037633833666134626437623339366362313231373532353165653666323234336131366137
30383261656638343462313333323235373037313834323437313138306535653834346234663432
38356139633235353436376439656335653465613663316161386362396361386334626661306664
65383831666232646562633937616430633561616138366330613239616533393138366338363761
31346130663862323264383933393830626566306633383963613234643064323730346135353639
33306538313236626534646430623838646232393530373830623833663237333035346631383039
39383738353265313366616438323333663361366338643330323261653661326433613531646530
39326236356331663332653962646664326363346539306636306163663237393034376362646330
32303137346539663436373032323538363665316436353464393130346136636538623935346134
65643534313132306464333736346663643336396538313633646134396263383862326637666639
64376332323133623538636363663830353766626362346534653138363530633236393039336630
65643762306335653737363735373931323332376135343366613735396365643032313830636465
34353630303937366335343131636266663932323937386662313561386533376637346230386232
32343438636137336636323235336433376363636337666630343637373163303632313236303630
38343864366634623135633631666330653632636661346261313237366466643733623833333038
38613666313164383761646561343839333337653735343863383136386565623930633764393836
30613861666131346134326339303138336262323865333338366339623633373037333132323132
34653634616632363962373632663762326533393332333230666635383332633764313737623763
33366139663535646665373165616232633038333465343463303531346536633234393136326537
62353563353432646538616665353539623432633635663038356630353130646637636438643066
30323663313036313964353937323665636338343039666466636335313535613139333662633335
38383265346562393562633231663230386537343063636266386364326633393464613737363335
36353563643338346265653334653637633166643863616437633163306364343233316639383666
32646636353230366136316661623238653162383635656333316664313065623036663966666564
36653031393135623635623238616364323833386235623031623435616330653462383530363766
34353938316465373132383330313133626433313734326230313532616536323832663738646439
66333137386362656565643563373537646331663039613765313633646334303035383539383134
38333438303237373632623132373839613435663231626537613065616261333134326164333162
39323661343766656432633664313462383831346637616466353234303531366565653033663933
62656230386464323238353039343532343262303535616165383837366230656361356436316638
63643032636438666635323066366233316462303237373762663663326133343666623832373763
61383638363535626131336162373133306435316266306464653035323364393630643339666239
66633536613130333463373066376332626162383562363165326463373865326361386237666332
66633563373537336565633665643565633830653531656336393338323134613035333839336439
65383162656563333764616664663130643161343635623862306330656430333261353638373862
34353431646665356439336632633535623931373330663935363265343238663239653833643165
62353335313939376365643232613766653733356230306163346332343538623935373531383964
3164
