$ANSIBLE_VAULT;1.1;AES256
63396638303262366336333864346532646263356135373264326566353064616665356632663935
3963313930356635323132323737633336353931616263380a373363313934363832303933666433
35646531326131636434663265616632356163396666326531363664333761396266336330363661
3431623465396430320a666264383662336137353066623531643963363361646530383136363366
31396336326531643437373832393737646532376161616632623739653233653131646133613862
39333666653061646635633131616634323539333031646131306334313563373366346239653934
34313534643430653438636334306139666463646461393864373237386534633037356331393931
62616639626466363235356563323438616336633839303533313661303664386133346364633832
35353232356162366336666635353931666362373330633039663534663837323832373338343139
63376565386632386633633633666534336638326637313439396138393338383236363362393930
38336135633636306564303739626530393634613337366165353237343034663138386661616234
34333934353434643539303531376131383161313861353965616165663032393633626465376464
39633830646362343438393835313830333233333131303161653766386537646361616362646432
32303734333564396439613334333463363938633030326630663532643936363732376662306666
65636431643466623337383666636338623462333733393933633066303162393636396362376236
36333535383039316565373666613266326565653561326136613538333138376166633663373865
30393633323437336432383264383933383130353563323430313032373831353631653838333439
37616238376136623130363533316538376431333961366232663835353832323265376131396165
39323666376636643830316161353837313439656238333864333836636630376538343438323338
35613561306366396164373732326466353234623535663337336330663632623039613763326436
32636638373834653333353561326332616366623038643137393965663736316133613034323739
32303737323235663166383235656663353864396563373464336163353661666636343335303262
64396338346665393433393964616232346139353635653032373764376238366132333633333930
61653339356634306663626462633562656566373666613466613833646162373235653730623865
39633063356333343035313335656363356431326164376333306132616262646266393136653031
36313230323462313535313539383964323236333930333438633866333034306332663635636666
34373165343530663037383865343436666134313361613633306163383235303537666166383364
63633433323964313335353534396661633938366663663663666134333933633530353066623737
34366162383164333966376439386537316534393733373032346630616431626239343234373764
30363466353335623265323638306439396438333564343366333931333532663234303139646533
35366137303765643239313065616238356262663539326462653733363930633433373136633535
34396634376635653835336438363130623934303731363532656639323061656434333733656462
62386638636230373238386361393661356663623261626338316234336364333639303033376562
39643734366133313964386363333532383938666432663166333639633964323438356233393937
63376439336638613662303262393336363030303335663866666464313636333466663436313839
37646562326436366436646637663836613335626633366336623139326264656130386366663732
65346333356336626239386666396138316530336538333831613561326336393434383830336635
66643238626335383962613666316531346164653236643362616665323463316233343638393831
66386366366361393130653232316331373733393138366362353363313861396539616263303339
65363335336436313066313164306336336466663836313731643837653437643233366135633663
31626366366130663061333232633531633837383362636266313163393733316233616238663731
62303832353162643963356234343733343566393732666663663839336363366438656435623534
61306434666538333439343534636364356130303734303237323633633763636462343331393365
37306264333464313138323333303034616434363463626463616133346636333332356164313065
30326232363666313133383335643638303932336465316264363535383930616564653233623965
38623932626536333635656430346262376662346631306361383332643564386431303464303261
61613838636431666230383064363136646139636162323339646339656334326662633065336238
31353930373231333637663966653065613030396165616434306436396135366630666337313837
32333333323837393333313061663961393064346635396237396338356366363763613866333062
33616563393466343166623237663161376236646538306231383566343937623363663965323930
36316162663633633336393437333335353266316431373135643430373238656665386338633164
35383238383033626233363963373737653238643165336465376633396462633264313363363535
37623966633565626239386466396231633037333335306434363563653462376238666361353639
31393636363066656664306539623034386531653533326563656634613433356363653738653231
63636136616637376263626437376133633766666262626565616466393938643433343130633435
66383035613961336130346432666466303032653764343064616137316464633034626137346666
35323135386431383162376365383361303431663431356165343362383835643734663932326264
35386235386134653435616664666431333066373439313733303436313062613262633939373638
64303831393131333664343731613333333064643534316338363761383561643263376438386238
37613430386531323834613061383232303334636430366530663261376362323734376636663633
39656464616364323566383461376437636630353265373030366530316333653361646434346166
66376536373833393061313263633533363231663965313939623765353439353665323865333031
33663964343633376531656134336661393239353265336539336438346136376563323264363061
63646137653364393831656466323436326230316335366630646434616631363762656565666164
62316662666232386539326662653062346331303238353265636537393531353736373231306466
65396230343032613836643961616632353139643663393133303033383161656530623231313033
65663361323231363166653338306366343432353465326339383035303538306636353764613035
66353138653230653963313865306431666533666336613332386332636563306435383330633863
61646437383038343766656566613337333565323936323639663465313465636362663531343061
36353861303235383732633531323136363765336565653266616266396561363936396166303835
32626563353665356436626432656538613366343232623861653165303762656331383535613239
35643863653363396565646132613164386437346537653133653735633136353233303663663462
35613831313630626363326132643063303632346534656366653335333130663334636638383163
37323731363261346665616665336131306166396439646131343638323631383637613462353665
39376530373165663136616634353135333930666462373966653861323238626566303064313338
64373331653961633863363163333430383265613637356664356165306334666336346430353466
32643132353135343039313339336132353663306263363864373765306232376432356264666237
37653437363635353962363532623838333734356430666566616630353162626232333834316534
64343965643865373866373638626266333665633365306562613739353637653637633337383964
33366337333764663632343863636234336533346138323738336338356463356436383239623632
65646264376530383662323565666361336462346234396531663134343336326236383839376262
38653965316238613538316631373235353233663634316631646131353561376339366665343436
65393561386263363763306234346332653438626539633435376131633835393936336138393231
35643638306661363635343464396565336233313762323433623039343639626432636461383662
36656430343831396131646332336664306165633932643935393136336665626164643330383535
38346231613965336666636563373263386438336261343133393862343165303061353831646430
31323266623765646334616265373233393435626334333731386161646264303636306234616331
33663762383461626632623939623932653330613466646132636631303532633437643032653763
61343466643432396136343839656164306566353963633661313839316334383035633734653533
37303038643664336338303932616536323636346330336131313631383462663136613661633466
64636634646136373666353136356661653563323031393031393563316238656239383432303939
32323831653037323637303964613134333434323930373632303330323230373665633264633639
32366262383834633531316530633931646137663433653264663935316366366266663462353866
36626239356437646339656266623463303639643134353532316136636366383861666331643132
30386662656230363162393031643432326139393533663037376139393439613761383530383431
62393863323333323665396237393364336533393638393533376233656139323331316564643733
36306162643163386338356466396431313436613536376334646665653164393063336661343232
62366661383737396262616433396535313335363565343434613661653563363037316430313463
32326435363366386130343139316330623131363236313931363233656330383438613133366366
32663166353063656436373136393736376532366234386263376130373762663532323661366132
62646661626630343664383465666464636433313231383934373030646338323065653331313430
39373438653536643966396630613164333037613438383037316163343264323266626566333133
34653164303638336661303133663738636635373562313137306664643165316430663331363739
36666139373461306362636433383235363738323039393739326464343232383739653266343032
63343837653031376565343236363661626239313166656266643066326537343463353837623232
34366339373137373863333865393339303639303635376230633032306266313962376335383139
34626561643532633365353664636665356462386230363839323631393564303533353261666233
30646361353535633566623731616434376363313565326530303630666364356663316238376262
35623265366664653336306438646434383866636638363065306332393730626362353132353661
64633137633039303133383831363733323837363938313966626639326334656261363337346239
61396436386365663833626362623134353733393764373831663937393937363837653638353538
39396165393436333537643132653538323235663065386135623533653138356162313933396634
35316631333136373563613662663364323935663966373433393730366437376264326533656531
62343038663966663962393464633034323663616163393035613833643832366337363765326334
64666632386539356565303934383733343537386666313432316639663933313837393561363665
30363862626262366132313136313231616535313730363639633865623537376430343363393362
33633539366333643033333264363564663765353565656339646632363263393965633635383263
31656166303264346333626463363333373935636237356163383437303837386164616233363362
31633763383061373930306133616638633439626165343464383562643032633934653431373362
37313064343535376238316536636537366566373839376633373939646364663038653636336561
34353265393839336234643963613162666235376633646561323530343431653732613635313032
31366539396638653135346635616261616564623934313366313139353435306336333865633836
61643964643731646633383930636639366237353164613039613231373631306232326133646361
62613532393632623237643930336134393736323936363130616534616663326438623038343738
30366666313637666238306435613439366437323362663638323661383762393766646661353238
34643437366265323565343766613430646162366239383137613239623362313264633164653264
61633934663531313537623666393638626537346136363935336637343332353237633430633030
65653862353364373764383138613434663234326334363065313866663565386639393034343636
61323435326435346436643036376164356563366461386663306236363831313965383565623838
62643139326161376530363737353336353538376338353536323965353936396639316263633039
34323536323538346636623130616366323161323830376233383831346531313063613235356662
33636365666330376538343431303764613462616635353833616363323330316166363731353838
31633132646338343734643965646239653366323265373761383433613934396338653837623038
31663133373433323164313066383932393838333265343937323666643732396566666234653131
65316637663361656165396161626462346433646530316130303864323338643739393163646232
39666534626162336262346637383339373564366463656438373966623762303165393766626263
66393638346336636434383866396336656566613334336166616336643633333762333739623630
62636334386336653662666263646132323461323363326363393032323335333733386537343665
39346534633639653834663632316437656165383936616134393634373039623236353536343731
61346435616331336131383930613037663664333764636265303439383165643131366462356365
32373362316565376137643235643463656638323033303066313038383539366133353434323632
34623136316533393233376565643435303336613632373363343961316263303864316162653738
64313835383062373165376339393066393432306531326561393665356139653738383964646366
39643164356137353563613334323265313838663763353966616337316639623966663434353437
33386566316464363164633838666666613431333732303834643731356466643933326632393963
35323038663266353764303838373666616130393430393839623234343139623563383962653935
33386534616239316338353064303539666534663633333964373939643331613061363262623163
35346363383231643163343061656566393030643263306662333632643130636530366165373937
61316561366166373137646336366539343338333561636565376333633430376234343035626532
34386464366264663537626431656565363632393564663466383661663637626538373338333639
36383463316363666238383633363931393839663764333037326632373635663766643337653864
31653338303237373437393730306365393636363233643137613761393961363762323261356233
66396365363537313763353639313930313231303331396561393763663265653930303434316632
34646437646236626535633137643432373330643232356134643466386438643563346463613766
39653564646635666136613565376430396537326136386130333435356236326662393863386635
62386561636136623138653134616330626562373634386366326639643637306462323132653963
64363631383564376562313038366536376432393630633338356335373732663663373732626238
65326331643037376138346533323963373061383962396534386133383134616538303134633766
39373432636334386535343764386163346164316234346630343735313231623230633562613765
32613739623030353261326438313538393736383962336364333766313231363538653531356138
65346333653662626535323630396436353533353835626332633932663039313233353735366661
39663766343637656534613461336434363862306162666338383432333132636162653164653666
31613663333561646436373637363430656163656436326663316532363033633930663166333739
30643130626466323036636439656261383338383964656430373336346262663039326562376231
34653266316565646536636337633934313465393934613865383332346331363238303831396535
63636161646561663531366461663737366364356236326436396362376361643239323834663638
37326262323261343031626332663434313334323239653033356431323266326432323338626636
62383361626264303030346134613863346131363731336635323636336438336463346435363361
66653962656536323664306632396166656238653664353338653561386639393935316662643832
61383832656564633863326634333031646435646536613138356634643037376338653639376134
31373135306664316664633066393164643939363564613635663965366162396433316263643536
35656462666266343838316535623166323037323330303735646331363537396536393362393163
36323566636335393430363065376530656164613464653235366135383931353962636438643061
62636566666234393130393931356665386432306233396565336364373964303065366539653131
65343630633030636238306132303539353165333430306566303632333133343139333034376530
62363636333466336237343539376462613065393634616637383864633033396435393964343330
66646533316561643335623137623032333432633630343634336335636366616163353433663931
65303562306364323734333739353737363436633337366435333862393161383139386633646563
61303131333939323030613164656462376131316461363433363962303030326462313230643164
61306266303737346434333166663133653231376265663766356561353366663732373534653638
63396163323333616230356135666636313332373962643137666530333362643262303837313431
62316262613339323434373464616531336261633937376364343762343133386339363765376438
38646634633134663836376530656161396366323164383039316233643533336539643332383761
66646164366232393433313935363130316638396561343630376534353934613535376135316634
39383339633631363765326465663932373038353530653132623064313565373930336666373962
31633562363138646535653633666261313637356332633239323163386465643263363838663366
36373530623133316664383833326138663262383238386635646163336434306362636238633232
63613438313133306531353263373335653761343036333966636238653064363936353736663663
33356132373639383765356462646330353361376236313937376134386665336532616633616237
30303635383435383864653136613365393737376239363561333165623735656335376338386332
31616336373666363563333364386433366465396561363436353962393233623566613039383565
34636337346139616264313831386264346439626538623365616561663763666262653036393561
34633630623561333935313166313634376333366233383761383339306232633533326463343237
37643561666235646166633366636439356233313033396530323539333961646361613031666162
30336431353533633635363535386436343039653462363163303335313130383134626665643330
38363034383739663136373730653735626536663834383937396330303430306136643463336663
39616532376265393631666434326465353135363138646265366331306230633732343536323639
64343633323036376235333161643135396137363766383032343833666538343534303332393938
30313237393436353163313962666630303634663365616135333735383632636265633732343231
62656365336265366632363264353131626435386338383766376338343730646566323030633261
39376439343830383564613930643163633865303139653733316231636463333865306264333038
32653963636136383939323933393632666566306638363766336363343765626636363763613939
31373761613861636161663065623137656665663861346263633339333932363438633333636462
65326239336661343263366630656432343531386434353537336633663762623666343364316539
34323432393362346433623532383433613030646133343331336438326561323431333633373137
30386665366431626532336136666330323334623064346138616338363836323862626139663364
36666162633462383430313965386365303662323961666634646262636533303337323134303630
66633264383233326364313762373165646363626666376166386335656263656436333261313066
33343437623633303533666432626537316134646438323730393830666638626432643237616462
33383732356433653365343137353236323437376462633966623435363565343062643764336438
64373665313430316263316661383763626161343237326535666634316433303465656436653637
65393431333539396531663635396364393863666137376562613164353964326662363465363664
39323962343038623033373837313836653138386461346264643335646137336139343735663061
64313161663862333864663863663032633866313832386635313731323665343165656562393535
35636666376132336264366661343065636433663235633865303638366466303762643035646231
32353132393838316330346136363032393238643634613232383830356333373833383037363032
66663432373232333335343032336339613237663563666130653031353662386335623761393366
64633261316536653466613366343864643531333762656634353737653530373537636666323761
64326665323264383264393232306135373035653039366232393235306363323131613030663238
34323763326561633864353861326232643563366562613431646339356366393462343437323262
36363365643462376362623961383738366534383035313038313363633339323263353931656164
31626661626436623731653863303331646466323239303638613666323230393835333134303262
37623639323430663737656231623730623362653334663838393737363837363863383962353461
66333038326336363937356530653637313561643764643134616265386635303866303737346664
64373865663964363366343533313665363465393761353362636430613164323462303830383730
65333366356439303130376161343537363831626136616164653265653139386439396461623033
32373037383165363563363731373733333434373238373861663531303639383139663532366263
66363063313461633739303338396636383135376436343437363538653063333035376339623761
32623063623034323431613937643138353530316235643630343363326662373636306264653634
62383165366135313435616336666633356134383536373138333664323566323266636164626130
62363735343965646234356564376435636362346561636266393234353662373264376465666535
37646639663338623033363833353030343135383666643638383833373166666364663434666664
35306237383731393035643662343265616466353565636664353935663135643032333336613762
65353836333161336638343830353463323361653736346534353930646333313933336237376664
32396430613965653235646262363465393031663364356265323265613932646235643733666338
33316231373435303462343736373032376261616366393537626239336363353963373036653536
36653938323635356263613139386362333631663437343061653331346130663964366563616236
38313663633030303266613135326637313261613265393863383136316333333830656439323266
32356333303238653461633263643966363837343535626361336461643738663832646134656132
38333438393166393739333261663865643830656430666261366237663939663363323663393033
61376338646235653134386166316439366437343532343961393932303735386134333432303632
65633564343332616136363239313961643037623664623239316231313732666637323361353336
35396130363163633663353461386432356264366265353238366261633363663830323764346135
33633764313361303562366230316637383931663534383332353632336262636161376330336362
35326363373766646261356465353137313433323639346330623034343539333339356465313863
33383032663830386334386264316561613933633032323239633663656231616632383163386230
37663232663062623061393763363737663565646532386532303137373338323238356633653561
62616161383362613166386136363133393731306131343039663063366162373136663631373431
38663835376161653561343965613461346662666661663961636135333433353464353462363139
37343530366434366664393034376638306235643166346266333330353238326334333263633139
34626239363437623661343438366135663437343061656136313265623639666566373233333237
34613731323133343766393466623666613234373835613034353662623835326133383361656639
64376537623633396162613730326232306665323966643139373035346234356534363662643861
35383837386665343561643135663866343037663164623034663635393432303638323531343264
32633537376532366632343730306361313738626337626663343432363461623830333130346538
37633238313237643334626535396432653436623965323766323763393332653039666665636430
31626434343836646633613435316438646130666232333537393734323162623430393865656239
65303939626434363163666566363266386665613764323361656461616535623734383338393233
36343762303363303261356330633938323261396438383838653234386332666539633638326361
33313837333135333162333664653565666166353635396539383732393466376133336661303162
33356333633835623161313235303330613135303761646463393835373261326436376537613339
62356139333330626134346239336561383134336638343735343932653238323637663339313030
35396564313733363731333036653632333331313962366665666261363832363735373263386339
34346239373862626334653466326330316563343065646531353263633932333936393730643637
30303939663038313236306561396432306231633533373430646564656162613663343738333030
34633665323361393036386565346134396339616163363661343037346364636231646566623638
33366232326232663739323934393161396466386532333765303135663564363235366564373035
32656335333434353739313735376165346239343937613065366230373631623530656464386532
64333766613562633731363137653532313835323738323336363535373962663539623562646138
34373466333337323336303562663438313337323965386534323635663836393539613835623434
38306235346130303630313865623633636465363130363737653463386437643664313461366165
66633138313062366161633830643831646439646638336430613162383565633163653866373863
37663939666331386633656137363437613936643834363332656335643631663233656464626638
32326239363161326265333538346137313665633132643566303663363566346538643263363536
32623264626563386463326366316232646132613639323030363532363063376466363162373733
35323462323239363065663039633131353030393761613031303139376239653733646330383766
31656662376130316266636662613264336638663330623864343833643365616532633064313336
32663966663636383036656232373565633135396636666438646165353962393036663764316162
61656433623136633338333233646364613833613133333763363033646437343761643933393630
31393036636464343034633534366666656462393161323864636130663730333364626539333737
36663465333865616664333334386533373333386362636332663163613962333236343064343637
39306339633430653030383233343966653364306365316439613662633466333462373464633166
38326261626130393730383162613965383537393461336539373537396365656237626566376635
66326538336638643333663162373732333238316264383166386538346432656235646564653134
66353035613439316466326664376462376164393861386538373439313435303431653632633234
33343866333866613262333261656665323462663433666636313632663937376162636630393461
34313264333631653265373766356233303037633333306164383134373639633865323235303165
34666332373036383236613030313264366633386334346661653037303238356539633061613639
33373964366461366163323462396230386665666661326637666564313034326335336133366666
62663565613939333833653934663632623231336563613663396632613762643337636138383263
64343730363962333737373735343166326435633135316361666535303166633665623461353861
63643039306432393134653664313630633765313532653066376161613861366432663135333661
38643433646337303839306637323664333334313365366435666537643434343439623264393236
34643361623137393166386430356335633362643232373765336464663761373237633864353364
62323533633734306535613236616239333535633436393538303837326136313464653862383832
63383036643165376239613338303433376162623563663063343339393537356362333962386161
31396236383133326633613464346139656433633134306337353436323637303262343334353363
31343731316432366535373566393637636361363834323735623466616138323230623232323035
62343032623835663966623765653961643438343831633837366366313961326662303133393363
65646232356336323862663064346464653334373063643861623566346235616163643837643037
63666437646430316231653536326162373864323038303939343630376439613866626339323364
39323034383565393433353733316132373761383765666264373934306135316564336666336338
64366431653030326231656130643038643234386666643039393139623763653564616634343638
30653162623831323466303834623634356236383532613566663632376166393862613663656238
66666664636632643662316332343633653039393964303962356136323439316233363637363862
39353966356236363561383233383630373531333839363330306135363133373834656338346662
39383061646537663333643261373936393631343063366466643563656339303566336533636534
64336638626532636263326438613432616363346262346161663736363531613435323239663537
32313133306533666662366265643163396238393061383131396630366430306339633737336531
65643064383939393233303531613161363162323561353436616133653265343833326332356366
66653437336237613534313866666137663064393466346163636362653134363463633363623638
38313235333766653335643730323261336436306164333139393934653738363238343630636263
64623165646436353262303438383961656632653639646161383231623932333135633765343163
38373132616236616662636562343663353263616435623339333261323465326632373636306439
61353732383861393431333731386134623861363266613631353464646631326238343162633436
30333866393035396534386434633465656538666162663531353563636365346462393638363866
64393365363735363433646333626666386538383930616630626264393363303136323637636366
62363435353561343738363266373166353034666533316438653334343732363838616630373863
36643233386361646635333864633930353438666361376535616131623739656630616135633735
36393534346231633662393932393233616664613065663964613862393366376434656363353230
39616165303433643934653562636339353364303266313863386633333536663531363666646636
30383436333061613039623961306566346661346562326466613362386438633961363235633830
64623463306135316334376532623833323334626633623064623362313138343163663739633833
36613666376439336261373832616566323832643435323337306539393234633731396637323166
34633164643739666139326566313565653063353631356434623835613039393236663539333436
30353933303662343761323632323536656130653931626331393862666136663861623030316136
34333265383433313533653032363431383033356333626638626261663961393336326566373334
36316437313761336634373836306366363062306437336365333931393861643737373031366464
34643338636461343033623534353163366264643531636434396530333037363737303834313961
36316162303736663231643862386537666431626430613333643433646432373230663463653031
33383037356166626564396466663337313835316666636666383530643034393165656135353566
33616366336539336630663239393765336330393039356562376132613238356335303835616564
34396233373834626362313366643462383961653639356136653161666335396137626630663139
31656235643162343532373333666134323565303634653762303536646535656634376633303065
31626237633462346365623935333738376532373962323233303363393639613564326264626237
35613866646461336365346435613037383333343339393036363836366662306133616339316430
65396665643966363132353566666163383261313535633961656230613462343233623031323237
61643062323530323736313930313162306636626464303937643930613231643564383736376466
33303066373635326664613736303061393935303864313832356439373430663762663561326365
64336466616463383331656462396238646335386630306533393032333064323031366265363863
36323366326361313262663837306332656532643665306431396662633536313636373463666165
36366364656363633163653833626335323332303435636564313537316636616133646434386336
36306361323738653437633037636433626162363138316437333263653535376233396164626232
34623465633239623236653737316333343164666632346466636166346539343732346434666562
34643136316237623131653436346238376431326130393238646562363334663061663632386234
36363262366365363962613131626662313636346262633961303638613661613366326132666434
33323936663461373637323430616434643633643233323063663661343330616539306333616561
61303639666563383934316566396430353336396233633534363364323661653961386338323234
33303336656636343963616630303932346163653236336363346236353266633563336637656631
64633366303434666262323139356532633562613536323966616635363135383838383636633930
35386539326564343833396133616339353239653230303531313931333638656434363565636534
38323031643733653465353931336662323234626234316239366332306438306562356538336432
66643230663965623166643336376362666333326230616663633332653735386333333234396230
62626132316462366539653434343764666435646335306565393135653234613037363832326531
33616434386535643031653063336236373430316562636166333466373961643131386665363463
62353338386432376339313335663562663435363933633639643737613262626461353833663138
35313665396461613533633234313535623734613031616334633631343733656138633039623233
61663063666463666566323237626232303863656363636631643261333363393264313931393339
38363639613731636338643066366564356332366230613130373731376537636662306666313534
34313938303138303031396532393839323665616364343134646165383138376134656139343732
64666434656336306663633339373565623664656566383434633734313236333465653838336538
35306563633433323631616464313431623734386338376462306130376361613636633363333766
34333538343832393865663038333561323637376663333831333732346432636164663236656235
61666337303234636630616138303931383339666663386437313864336565646638666231626565
35373831343739366235363865633733616465633635663561346661373766376461366261303334
32386336323764303266356163313136373538323036313937373362386433343238363366376436
37663339323763316561643439616538386565313964626531363162626239303062373536633736
32383632303933613465373838393566343535663364386562623837363231333361366434356636
36333431343031373864336662623339633636626536346636643339666133386530353532646565
35396132333135316134313538306631366538313565323561633531346166663630613330636463
34313031363761643464373566333365306436323165376661666238666362663664376465393532
34386635326162326532346363633732663664313965653334626230616431633764666364313535
39653138663866346132366133376333653462643230323861363837626337646131363738643633
65346635643238666263613362336634656331653964666561633537333064393232306539626337
32313732626564396266386562663661363638326133383266383565373366346333663630393136
65383035633365393939323637366362633464663264626164346333643836383335373465343764
31376164366636666265663436303938303033616530376564306235613263646265376530643861
38363534373536613636646462656361613739313935613834356663333563666439386661366231
37316232643832623838633433313765376264646632333239313939353164393232613361666662
32633339323262373338663465336462646136666430613135623430303864373432666630343036
36666639633536656331656336663264386233383133353738363639346632396664346435313739
37343166303234643735636438666634323935313766326162303935366331343161363630353535
62623466373131396239643463336436333964343831666335393930356530666230613039363664
36616461363766333465633939613066316634656437356362663332383461306132323631613961
30383232393530356566316138366234313533396665316265336139306633656561396238343631
32373062303334393838303161396237303031356236376537653736303639393833636634383031
32363363623132333831626430636166643739366362393030333030366264623262393235346633
35303331653238336631393462333935376233383634343137356636396661656239616531396631
61366234653435393634366666383633366633383232366639613663636666613966643266383036
62613663363137653564306538373634323163376164363563306562313735316231356532343435
39376261626236353963376161396630333066383638613536383739336237346330316662626131
31396531333330646332633038353765653931323139643037323038346330376133356466663866
66643138343435653362363234613835616362373735613633383966646664666537313866366338
38303261323466376461386131626339633030396631316239623835616261616536346562393162
62386630303036643330663962336539333164303662353132383364313166323235386532653365
34383831323431383933363162626162383532643138383966623035376163336263666166356362
38663833386663623232333836363565633531323039646164643634336534333762333335366239
32653464336336393566623866643935316138346231363066616538323061646163343565303239
35623666663238663664646231396231383233393963333665356431636139343634326466646566
37353231633937323166396135316165336638313933643164616362653235323736376238646266
66643530653661653834336434386464663236356635636635373563636262636463383861333931
34383864306533373865393865383737333165303536306636626433336266333263323038343566
63306466626539343438373434383136386639366562623432333862393435373936633730333536
34373961316332306234323461366661356266386163383735373634363666633934633835653136
61646530393031383133383864663662636133623433346162623035313830373865306461323135
34653839656239326132373261336362626361663634333733323630393937303730643961373965
64626137356335373730646439643039306361393638643935313431373034373663326437653536
36363963366430633237656465373038336438353635343939366664316261636134643930303834
61333964613932663338613964366463653361306432373566353035616432623231643135316537
34306630633031383965623932366131643161363562383637306537396637666139323838666535
62303932386634613835653834323637663136356165636433366631666262336138373136643038
64656562623434373463656161646534343833646163633031346233613534363235623631663861
33386461306639333434303033393462383865663431643564326235653238616336326166643062
63323238636163656535643366346161376439643465383861663739363831316638333938653334
36633663363731303739663164343039346335666133336263663335386537666466303437323332
35383137366531386265303735386335383737666235353038613935343036346338313664623763
35653138303963633162333638383336363963313466626436663164336164326230623230313937
66303338373166656137353438396230336366366366626463343431386337643334336339623238
65313839356536316430376437313639613732383230323663353461616562396264383039303062
31666563613835373537656134326264663532366362313934616233313038643835643537376161
66643638623031373839646336633363393964623834613738323233356361663434393735366135
32323833353764323561383762626263333330343636613232633262343164356539383936616162
35346536653739366432396563386439666561646534623333383633323038613239336436616666
62316134666138393934353862313135373935393234353530636330363537613131393366313664
30623435383732396630303466356437633837626538656433356534623366373531643938393862
63643864343566643937306266386462343237663865373161623338643562623936386134356133
35383961306662643565333730353330343033626232616164613130633936613033346132613338
30653530356465366532663331656465326663396235396131646562396135343235666165643733
31306138353938653039303636333639366431306339373166386235383934653738623962323532
61326365656536653332363663666264616335663966626131343634613135643333373930336636
64323632363331376632313533653362633030313161303331376138313031376131303266643162
63373338653664663833623466373366636262653135306331626132613536663063636131386536
35616462306335323861643731346363653736623963353839633031613166363733623466326164
61316365323633396530383563613636333864336335303730336537303062616631376666393530
37336432353534383831633063393063653931366335353738373437363337323065343336633734
38396432393331356233316433656339373334343735303539366230343362303936663066373063
64613562626539313166353731646338643465326464643961636331316666383765643733306364
38333239333666373835393438376330373833626463376232613966353366343835646665636131
35633635653532326337333932623036326339353931666539333436346139313839313166306632
61366638616335653332323934353736333735346639376234316435356333373837303464613361
66383430353835646539636163663632643938393862623661653536386331666166333661633431
34363432353639613334323137333932613865306231393434613766353665353261633435343633
66326362646564303337376438653039316130343036623830376465393162333062616537343031
62376439316432666562643531353530326632613961313262313162313636623731363662306234
64323730376264643135623638323239316563633236366633666233326361616365663638343161
32656562643138393134663836383137393030336465303031353061356133653965333930343038
38303937323435373832373933313162646661383436363932366335373762656336663338333339
66333730646435353238336436653130346137333438383064366636653533393966616364376330
36353332393738386264376539656166656336326664303361386339343138323265326462646364
32633831353934623562396437646430616332396533623264333030366533383836623535323866
37646235376366386263636462623531363132396138646330373231613232646134666531356538
36393434346630636165373164313736653063613864333137373331306366616466656235336438
66626634316333643130333464663631383439393834396232626539303263346531646364616563
30356636613830376433306565303730646363343833366532653232363738393936373836646237
37363539363538663132383931333630383035366465366631636136666437356430643130316161
64353562666266373136656530613562653462376564393262336433393834316338613032383362
39366161616364343437316337363334373339616264366431376335323637376566613738613937
33633366316466313165323266623634353161666465343935336666336537643031333262313065
35383061336561303864353164356663613834396439653436363762363665356439396530333535
65656139336337343263623163313030383034613230386239363335656262333561653934363137
65336630313736613637373337663131623333363739356365633131613633353334636266366531
37646639383539333837383439323637623937616562346435313336656638356434316330323636
62643163306137303433333365326265343262393866373834626437313335376263663663366666
37653166346538386261613838616232343162633835313130306639316336346565333332393866
61373336626239383030623565393137356161326263313664323065623235626366343361623834
30616239653938633837633134393939656364306332383338363032373861323133303933333835
36376232636330303633323439336237613431366363313635333262303265316432393338343536
34333330366165616564396432356364376432623532393334623564613665303038623537313162
3737
