$ANSIBLE_VAULT;1.1;AES256
66366664353734376138393836646662663638373332376237393635353438653631633865313232
3439303339613338373831663565666661393566326161370a626265353264643865623663393764
30396665383065336333396236653437336433626236653264656537643663363739393962616331
3764333039623161660a393438623036353739313862646163336131366236343034666431643765
34636135646532613164663961356137303633646638653939303339656466306133326234643761
30333739393661393462633331343130616165646539303734633339653738643731656661663633
33393765343461646235663832393464346336653535366533633139643239613333323364323231
34396630333131636365313638383764306234303839313834363035653437626631336363303434
65643864633031356534623938396361313431623031623163313933663432376166623533636638
61373933646161626538373364356463393437653037616166623038306430633565373535626239
66663239336533633562306530336336633537353836336634313434386530666535306336366633
64623261393730363931363839313838653834393163646263316531386264666234326638353635
36373362376438326131646639613465633730623237313031326131386534386636663535303736
66643139656136656333376334663434353238323762633138333531396232393135383564636335
32623033353235316130366530663436306132386638666463373034393632653031373637633931
37376266343435663664623761643334356463626137323166646332373165343534353765373266
30666239353233316336303461393066613433643739626664343561616166653165386164653734
35303762376338323935656363613831353432303163633663646462393339383438656237643665
35346336303935653232326539333063646165303738326661373738633938623331336266653730
65643834313063383862623733363561323137343463663137363861613633326635666562396365
61306131393334633631383738663037356566646536616530303333666231386639313831336534
30656138363133616363333738653235623765386134643135623436306230623465326661376237
32663739343062383831373232373664366266323639306330656132376365336434346631343236
32393935623236653864653430353333386261653965356162623330616532663632636235373962
61646239353564643861303133383438396530303931343533666233626134336435303838636539
31353234653332383737303430343233353164653664663138376264646663633763313136313134
38326136653262666638366561666362663737623761353332623230313633326362373136346663
34393934316437613935356465386339616632643665373431356533393336353635313834303764
36383433376234393261356263343839633762356364333735643932643039303837666332623337
66633361333732616530323334393466663536626362383561343436626661373737663732386363
62616131383262336139613931643438336431633761333735663839653239303136613939333862
37333733623164313838616164373031376564643465613064376566623438616238386131356134
65656331313462336265356235663934323835383831386430333036383965383562326565383436
39373266613433643539636431356565366163666432303736306135666330643565633534366565
35643665373264316237303066636232373635393366666138343839316638333865383365633131
63363036373139333265316330353261346436626531326135336462626265643232303132383836
65623138666662383461383134616539306330623738313435323965326464326461623832626231
39633738373165616136376330316132623130376632313262613635343066663233646535623034
32613930363732653563613830396531346366393339303338336437343733363932373231633832
64356365353830333865373136633932383832373038646663636339663433616137353037663130
63393638633734623534303965366532643736636631343737616238363061646166363565666462
31323766313538313335393466633330613238386430393330646364653736316538623263653532
62646130643961373839306163306434393830366630386362636162383965633736666332616461
30326365383063363262373838353933346230393033373632633137333034663938336637393537
64656164366464363833356236626162613436373632343266356330386431303432666535316161
65613239643037343364313934303330343865386364313134666537666161356634336333323836
31623561356630306435626238613935663864616234333737646666343666306134303166623862
38373831363863303437313930616361343464633838646361326264326138336436313963376530
30623330643630393933646236386433396562643235376561636664303939336334363065616332
62643531376634366462313732643161376466346635653339303134383262373364386661396534
38326238323866306538363738373032633930313362306638396637353439376634376663323865
66343532336234353731323763313739653232343066353766643533623364616233643931313234
37386164656364376137646464663734323639316565373234383532333736316165326565663462
61356363643537386239646364633062636465303438333930356663343939666432656161636562
30393532393732643965313933333337313635326161623364303135623537376561616465353737
63333734383666623538343837383137613231316530333039653433316633646165653431363161
31353465386230333632373639343030666632343432313962353133346637643138373538346138
36383438363037303339313138633834333563616462613137313036383565343835303466393038
37616266376639363061383965393135306137666164376537626435343439636161316265386438
31656239343265326465323837666535396532313136636465373663656365373537376264663063
35313265663036316436343532646265373336313239626566353533396362376365333463373831
32373833363130663365663439663935386566663535343461643732396434303039633034333365
64626162373232653537613763363530303564366363393333353030613062656439383563343036
39353433633961343539346437626235393539316664353864376132346234396266353334646561
33363362656162303866633130636135353866313230316364393462666564623163346566313739
39353939303562616565323634616238313265623335316439303230363432383562363731396135
37623334333938353631366164656636313430336431656330303439666664386263343338633838
61646334636337316634646533366464373264313635333836316132653833346437363762636439
30663461643533636638643434623737303962373636636333373735313765326534633363396439
35326232626438656430343463386162633866363465623962353965356231666533653165633730
61356530346463616564646531363235623064366264633735316133343038303739363264386661
33363862626433363531623232613439343531353366656234306263333934623537643264373835
61623237366264323430333834393162303136336238336363336231616630613333303334383863
36316239643836326532366335613961643433376263383936373165363264343632626462333564
33613737393136653565366464313933653561363263643539646434366538643233373765373935
38333631323131653163393230393137313631666564306232396534623634333630626632303937
35306633346536363363656361376663656665653065346430623537626663353236356532313636
33316630646535376635393363306363303864613737376537613431616134343331626234646162
64366535396261376232323733666561653766383838616339613162623032636361396231646531
66333932303231303763323835346663346164356337373134623430613638386432343437623932
38313561653932313062613432616230393465306237616133363066636533636334303035323633
39633862393963613431623264343732333665313037333636643735386339333666356262373262
30666133323339313864373963383133636131373430323838326261323132383362376661646432
62636134326138336363323161356463396536396663636637323531303237396365343366343964
38663334633665626464623630303436386139326431386466386632656236326161333832633832
30643930653838636138303464646538643135373339303433653564373837336561666465343262
37353730353933643138373062636664383562363034343761333930386266663764373665326263
38396264386135313932383131386134376637323637393133323465666261396533306233663036
35623962363066613836353166363065633338613636353031336339616334373236356530383331
31633431313763656462313733363666333530383264623232613763316231616263313633653833
66656339653764393962323361613131613533393465666365396339643765656337356261383365
62663739336133653637393536333638636533663436396637353238333030663930333363663063
61336661333032376636353062623262333035616637356635393335386237383937303864306334
39333961383663663734313363646436323633343938313466356137373765373837373061653439
32373661366663663438316432643637323838343235383530656361306564303335363964356262
35303135623265646434323061393639313463353034656539623662333731393839323838306263
31336361626632323237376537383737336238313339623037633065323835616662623237353339
64613632323130626139383339393263323837333531653362656139626433393835646536653532
63303364666331383963333830383665656463633665303237666235653764366465643165623966
30666631616432346230653762616131656633373738353235323430626638333362666439333233
38303930663831653138373139303462643336386438336238373037366664323533616536613935
37396238393262343932346230393430386262323162313436363533323837646666343438336239
66663435636266353563363231386436346231393838396539316564303661333634343432313463
34333233353039333561633838643063643135363839323964343362373830313863353963653234
65313335383831643331663933323061613834383664373163613764373033303034646566636664
39646132323731663764373532386535646330313265383263383266343633663536383233613038
38636266326561313532303839343532613834653435373263663732666135323266623466633565
39643665393137373438626537363661383262353239633337373731396636616463376466636438
30376237346436333332626539613565653033346265323635333139616239613262643836333832
66383732383635613162656563386531626463333334643934636466363135626138393130333762
35366365326466363366646334666432626334306264353434393863323965393465363135313133
38663264363063333330663862653266663638383738643662633032363963633238343737353331
65343266333436326336316436373132353831356535386566356139636334373366343435363666
38316130336135366330616333636436623632333636656662666636333963346138376237643632
61326334613438333834356636363861336435346163366564306337326466336137343761663636
63373963356661316161663031366537343466353036663032336237383336613433636137306236
63623262333230313466616262373830383261353138613131633962643334656332393936613363
30343636306465393161656638386538396432323335383637623662323932633232656639613562
37373735623164383339316138653131333630363632323663356362646162373866646437666563
63666561666661303863643035333638343538646230643738396232643262633166383436653364
63326661613537313937326133656336646263313866393832646639386632313461626264303664
33653564613564303334656434663565613030363030663230346662393533333564646161306332
30323133646239663530656239373632343436623864373935353739363633316131346138346436
36373031393532663436666265626238346632626535653930616232393638353333396636396633
63353364366465323339373231313865643737616462623631633138633636356463346430356463
33363333383636623563383764333166326362373463613064623262336564336437646637303664
34646533386332633734613766323339353137336239323261376135313139323837386331323361
61366437373861373138363530303936366261666434616632653331306337333237316361326465
37313537353462613338646130646437336166653439613964616139666162346262326266653230
34633361633632383033353336386534303636616231366431623362393237376163323063373235
65636665343331393865333037653430636536613139323030383830393332373561393063626266
62396330333065333161336465653165333433303161653731316335383266656464366130313231
66623930323438646539666362316439313138306330653737633434383765393066656664636437
32613439356138656563393263616430616131336331316164396161316338636335626464373561
61323332376230326133386637363638336334383761373437333463383331333538323235383165
65383632666133353334653964636266336436623038313438326361353738653365653638366633
63666139303136376631633065653562353638636639343331343532313139633136303836363531
36653064366532326233643232656363653166653961343464633330633531623736643761613636
38633637633839643030666336643464393663623430376633643839396164633132613636303534
33306334393163396265633030303433373138303939343131376564653965346633663334333139
30333634623531326362616537303437623338396164653766366436363836393962613234333632
38663338326238653061623262653233623933643136393364613030383630623663386239613133
37643562663834356530663861653738306338663931623838366134383062626364646134666334
39316630653737316232366230393165633863343331386433656632613264663466386432666435
62363039303462303233656334633233323264616134666635356630306139623033313937383262
39363663626638653866366130653462383231306263396337626332623063346630656465393736
66383866336662636132346663343934353636333166653663346338313632643862353639373739
34623166396239643864346232396333616431353530313333633266623039316261626665636636
64393462363161383363363064656639636237343630303463323138626433613162646561373236
32623335393635366666353065326632336165393335623463363135616236663766336435323263
33316637313164393639383036383535666163333362336539663132323438633336373662383834
34663735373834343461613635633036616263383462396139653632353032333730333364613134
65613534666438626132373435663834313534643165666234393531643765653931353461363435
64313733363939393634303439616461313330663639316633363537326362383166346162623661
65343161643461396339633465646131633133626364383963373239396164396438356662316361
38343966323463613538393032346263316163373338346230303334333537356162383361653162
33376662306138326366663862363961653432613430346566316364623835383637336530653437
30386233643736643265633434373931656639663431383464616635656335643862376337333734
39646433333137303765326562346164326337653833643037646131373430343438643437366263
61646630323265373165613761323832353336636631613031626130313665396134396331303563
30623161373730356663393034306639333032383164663761393664333430323663363838333636
39393433363932373331653636353931323632636164663433626165653030313065643438613863
39386435333932313738643263656166313235366338383334373966313330386364623136646232
36653465393663363539386532376537363166376536666233373965646634306636353836643632
31366664326363653966646235616565343434636362333430613833346361313634386434653039
37313465663739643864363935666338666237653530616261643839616362396161313533323336
61636636656163646564366165646662663666383736353337353631316264626534363637633965
62303162656533636232656335336465663966373839653938353135393230393462383035393731
32386130333631633036623630353636396465633836386637636134633034303831353438666337
66396232643132643763616663633065343130333431303331313266646135666236343436613965
39626632656462383138373937636435666563633239353936373231663363333163613937313037
63613936656563393738653432373463323536343363343730353032393933333234653661333361
38343631373834663663623062373564383865363363306134303736643164373933663832336133
64386236623233663361653733363939613439633630663230323964383634656334336539313061
32366330623639323631643163643837343637643831306364643335366564323632346631663265
36306239336136353263626433376336616631313962626365643935653361376532366637393466
32383039383462363331633831363862313731633136343330663733356536303864646336326638
61396538313439343037356232396463633764303766333937663630383163393038373331353339
35333366336463336266636336323939303834353637616137633939313935353732653364656530
31623065396635356365306137383134386661373935303630333761333666366363653739383531
38646638306133373332353333663230333863346539323834623165663066376232356535386134
36336466613066616263346535626465306332623333663463376639666434363339376133633236
38323661323734313936363330373639616134636332386432646562303636643239376530663765
34613665653431353161323939383834323366343032373161343934623966653764383763383764
30363033643766353664396535393836393664333935383765333831666165366361343830303261
61656232323639313165313565396663376332313739623833656533323137333535633661343462
62333335336633626333306561643236666233643738333337363130323863623730663233646462
63643031323730303537313261623135663435623236356634386334613034396531636639346132
38386130383063346366373839393031623533643066383566656235303130633736653435393262
30666163343934333935313832623830313631373764653566316631666334356430643835313531
33336637383338393733623137643232343936623738393665323539353534356631666237653562
37303230363038313962653630366261333634613062393266313061333831633832626162333264
39623339656461613461666437383362643936386234326639666662613665646138366463313336
36623633333664393662653131393732376366636366333765373633666138613735666566616162
62396465623363383433633862633761306566383938393062373630313165396332336461343462
61616439626364643530616339386336366238613062333364353939333735636161366339343130
33323939356364343661326430623538363061393531623732663233303535623862396537363734
32313536383365336633316265366331613733383832366434643331366135373934303661623130
32313737343661316634343933636566323330646637333762326430323033333666386563343632
63323533353631653932636132646236643164636131316132346564663237356337626333396535
37633930316165306333666330376232636665613434393466613866623838383037323130613436
31366661383230646566343133346635663565326636333930326237646237356135393237373133
38616235343832373132663631353939376339306565643563313539353630656137626630383163
64613561323962323930363039653563396566313462323731376236613538386162333134303135
30633431636631633363313062336561316639656166643362356630653038623832393731616565
62613864666437373762303166396231323265393734666436613166323034666431323231353365
39363263346631616338383936326334346538653735326534366136373662666337643665373566
33653334646364323638333661306234313237316164323764323864613831323333636230373835
64346136376166303062336563616531333638343966626663626634636262383838383665353731
64396136613263343336663532366238616632643539373431633435636562373961316231663961
32633438303035393362393530383039616264303661353130656438343562613963336532346136
61376236373934306635306266626539333632633432636530376665663661303632653934633961
37363336303131306265386566323131366533356639613664366162373461343863323433653534
39376239326461666564343063343663653464376633323462376135303231623635373163616334
613261373138336238643730343737613532
