$ANSIBLE_VAULT;1.1;AES256
65333336336439333836643938623435396162626165306166366237633861346164396464666432
6233363231343136623634636335366161306633653266340a396261613638616437613165333534
39383037373864303435623062643237636564353266333236333434333633303365633835623538
6636663763313161300a343732336534656264326162653364343763643239303238643635643366
30396238636538366663306362353762626438353865376438633966643836366566313937386262
35316533613838396133316366333633363837633764353938393136623961623465313939656530
65336438326163326238393663343761636634623633613162373033346665306333643136346631
32363661663564346531343731376462613231373232613061386664303666326538633437643266
32326533376261336463363230633139646264616165323239633534303564613334643335343734
38313132616165616234313466626463316135393265663434653539643861383431303165396130
36666664663534386333626434633964366563663037663264323630366331636132386436643433
33343239346565316465363539323630663234313661653835323363616139336236636365613333
32613437376636666162656632613732366639643763656139346439346461646334343261656266
34343736343937363136346534333261636666376363643961346664316163313330346236373530
62346261633935353364363330366466386639383633653938623739643734633035333163333433
36333733356564336337323363396637373134313062363766653838333931373662326561666338
37663566326166363538613830343866646439306331656139303933306633643231656366343561
66613836643039633961326364613632393938306438316162333361616436656235646662333434
38636236643933366365353161663131646232333262303133343136306137363032306135353634
36303363336662633537303234653466343166353734336532356536626636303934343831646431
32303734333666366663353665383166623266623363383864386431363139663837626331323833
38663137626636373334663561343065373332636463393735316535646338376637653436623630
35646533663363306361373737343934323637623333653236663333373137616665666464366337
36333939643939316564306136633137313531366232306662626337626330353839336161663462
61343430373739626433343836363364303838623130393661376166656635333438623935346463
34386633653139353162383434323165393230323432663334353035323965613761643130383539
32663664303161326235303064313634383566383461626435376335643732653962623361386232
30343731616533373032663839333365653264353861353662376235636438616263353434363664
63646164303034346131653730646238623631343261303630376463333439306231653130346363
34396239303832333963323230323637323062363066346335326463393433633136653366393839
38326536643934373661653164336331363538373538343432643230333438326434623936373564
66336235333062353831346331653332353038656361653064303939343633653464653032343637
65346232613839306234336563653663653832633638323266306539346665326436646238323538
64623638316139646638306436623130343733653966393963386237623961613031613934643231
31666566363064613565393365353038636538323961386135646566333664343964616661383235
33633430393230306230353538656639343463646336373030393636383363333837666439373030
64663664643334316639363739633434666230623166346432363235663364646232353839633665
31613564363265636562643539356462393132626632663361663936386235306530316637303539
33396265396265313663386532326261666537316562323039396335643766643964643234666363
35616336333936616337656534653536386430346535383037636534373937643064323130316166
33623661613435333565616633336135363663613434333266376335643865353338653734376564
37623938336163326137626135643134313265623635383465363363643932373034313064383035
66393138316163656433623664623837366132656630666436306561613834353237343230636139
36666132323838383030363536346631343261656333383865343932376234613233366332333631
65353136333536356339663438356334643365333464636133303032386339346439646333376263
39623866386466333962346665663234383430656534393632633462626530316661316232326636
62656232323363376235636331353238643636323361386565636161633134343035653332633939
61356331373166356365316261636162366263373236653339666231326334313266353237653638
36386266353362306534626461343937386562623264363832646531613931646162366162643063
34613363336437613464323562663032656237316436613333643661386236313965666562333230
31303065353037646332353735353264646234386335313030646337313231326265313832376564
62613230393964626135373831366561613266643338306363373564303331303735326165653732
66613032666365633436656664393465613433383432613733343531626162363234353835636232
31623463313335383861306334656565616365386531346637653232303339326362653134623934
65383062393364366433613538323733313037336165663063376132356561363535393165656361
61343862613165343263373932376136333261366535336564643661303535656437616336656539
34613337336434653132366334316533663538643962646165653737653162356361353939666638
34643266346364633362356139346661306335623634653066323361323331383563383136623530
36653931383366313063376632643036616265373730346238373933656430346664326330633735
32656133356530643032323236356638383666656261316433376266636566333639306630323034
39656163346364623463363664633163356538613464353966363965636131363734613034333139
37643335306365373134623335356233343465343235323662663733383336366365343931363737
61613237316533343936643339393032623065646236623366373834383963653139623130623166
35386135646237633036316165313963643935623363656235396539336630333233613463393330
34373430306266643862653639363930306662343632613165633732626166616362333262313634
35376236323862316135663730376366643937336263333036346561333364323836653061326436
63626131343864313832636261636564663830336436656265613331666431643733643236373037
36623635383361663630343664343463343236383334623431663834616533356438373437623833
39376661346238353765363438366538393266663035343237653766306232393833373337646434
31663630383135646536633433663839643662626261343638396431343038613565333964343935
35303935623261376165306164326638396264393030313933653931333337343232613536373062
62666161616130373633303866373337313463343932356434373762363665313337303762663364
32366339363836353437393630666136323731333435643263313461383364336436633261646166
32623861376661353831646261636166323563356137623136383432666231343565663666356133
66666561613431346339323332663565343061376165656537366330333361353931386563336238
62633161313166623436396365326662653331373937626530396132376133626364323066646266
35336633333731373436356434343136643061313536666235636630393133353865393364383636
33613566313264663331323462393031653330363762646338383534653434613836373635356566
62313037636266643164303064653639353038326432633434623865326239376366656462663831
36303537633835633564393066656238663439333761323231343334663464336263366166643730
37303838656263383334383561643362663134363265383630343630373761323261393865653163
31643238353164336365373230303236346637376564383863363063386561303935336232386438
34356565386137643836643338643232326463653365666336376135613165363231343566346633
30623839613539643130336633613833616634646465633664643230656430333736373436396632
31306531643933326130353630323030326263303363643162336339343938663231643963636164
38343765326365633832373334373262616663356233346663623562666632343763363763613933
33643965363966613262656461343131343432366530383736353864386366613839313137333435
34343434636534396536343563336565336639303033636238656436383930303138323835353630
62393632663161313931316539346538613861356432323330656239646461383862363439373137
39613964343833666134643432306165663264356234303132343130663331613634353433336339
64646164396534353735363732343537323061333731333165343638303531393335383934373032
63643564376264343264643562633432396663343135646564316138363461363962333139643763
32363234373766373830616565326234316135326665633232613533316539373832373032643032
38303063656363633363633738613564643366386637353935653733613038646462613665333265
64623265383039316564393933393630633662643933333563333630386233613138366535636165
65663038393732316261343465666237616166616564663663386233353865333463343233633161
30383530656363643730323864366437666263663439643030373038373265613264353463633430
36373034653066643630323566393561626162363539636365653536656534623662323035373933
33633361656632306162653066666436356536623166653033333366643930333637363763386261
31386332646362663762343464376365653061336265363561376162653561306336663631363162
62376366396237363439366137383162366464666165636364313035616332346661646239373264
37353765653539343836373664353135666465396166303936353534353933383639326561663465
31663962376165306464393234613831333765626536333335303139333738333731303233323537
66323134376633393037633238336337613363623834353638623139336336303033383939306162
65396332626430313563373339646239356562313530383239333330653365326663383335666333
39633931346235363933653035376531373263616466633264323632623131623539623566616333
39303235333362643235613639306435323835326139663132353938396337623839306337303161
32633938363063626335343466373534313230373233633362663364326164313365393138383535
33356436323666343337343766623637623730653731653661323636333730386661316466383437
36353337663634383631343335363535623566353832336333643238386636663365306130333561
35616430323532363761613061626430396131656135353862616138613765343566376663383864
38393234376236633534356438363136343932653761373736643334323539666438663633356264
66326262383561353731366132383234303364333831383830336665666238663762633532383164
36626532323761373833333237313132363330356334316564366132316162373339303234343864
31623035366364333761313466653833393934653662353936623630393030316561643762613739
61366438323335373932653835306532343966396465386639366266653963386336306333363961
36643835343930313434373965323535323764643934663366636364323366326131626163376430
38643264353166623662333434663734323134653063343466636334303732353864396139313733
33643434373165613963656234386137393337333733356136333331613265313131653730663837
37626633613762623662376432346231636463343066396638313430326661653061363663323561
37646633333635633539633638353930656430663066386635343032383330393735666437643135
61366137613264343464663863663466366164386365353365613633316438373637316335646633
34663064303161303136633965653635353432653830303937393333323937323561626565306533
64383934613139646361336236646239653333303831303765356434303162373435316535313036
39663639316234653432613232393162376433643036316138653363616332643739363365663861
39623564386532346263666533376236343532333930363932643836396235353630656564306661
64363464663437653763316462303564356336626565346162363636646431646135363061376432
33663537363366626331303431313461373662616534613763633766643565633962633262303131
32303838306439323538633462306163646238363665366366393430316633656634353333323130
37613761663530363833386337346235383564636132626239313962636131306233376464343361
32306264656666613338653936333833616138623866376263383638393863313363643064306237
38653839353964326138613032653038336434323436306265613835633564656531643835623766
61386436616261633963643137656536393630336231613331313432313633393832666230363834
64343433333365316437643337613738303938333162393337343063656264636265656539366132
64653962623536333634666664313038396236333738393730346130613866316636373233313133
30653534346565353161306163626264393433323134343438313861343338316165663335626439
61333135616465663839633064303532376662633961343935646632386465336233653363353030
65313739366161653466376435656463393164666661343031303131616462613732376663303864
38366331386533663036303166383632646466643262346230646236303837353938663530383830
62333562356432393564656134643865666163383032326533373530346536626136613933663639
35623637633836643531326661633431333934626238653937386336636536363239313134336561
35393231353632323662613365366338363366323637313132393362643734303365326137336439
34613532633230623339396666376461343537346235333339613337663364346232366536653736
66336465373437393061613231313432313661386562656335623239663666386130336161333762
63323630383866333438393463333233653936303634626635336230633831616634333230323333
30313639306336313430336633323838626233346433616531613533363334646234663066356335
35373362663232343035313935303432613831343666373830356430653562643533306433393334
36616565386531326430366434633234343830336138313337613132303565333338663539666537
32303331363738613232343432653133343031366436326564343361326536393765626666316238
35613932616636303366643439366236353039393438663937363934653937356437383731316163
39643935346430313966333136306433363239326163393062373735306164343136653135376431
63393436323032353934323037653265363736343436643336313132333862343566363836333431
65613536663136306165383436353436633034623833396165643634663838323234666639653439
37666663373336663932613861316537343331366437353665373061396364396166666261323662
63343161353834336564646366656536323463363735353165366638336662363939666363303231
30633466666231326433303963656531643830323633306663396435663936363332626364663033
65396465353233393734376336646539623633386533323663323239323630633261633934613665
34613635346564366366363364306133353035636364363966323962356335306134616663396531
34643263346465623934656532363465643933346234393063363563373837323866353433303536
65643633323232313237316336323339383065383233666163373266336563323335656237386436
31363061316135316265333537376130326234646636623764656232396337626333636637376234
30333339333362373332356465363032373161656339326364313563376338613033316637393133
37336264633666386131336330396365333230386661653564653930626365373161636261373062
32616338623964306162393630656530356563363866353638393130643632393938313066333565
34303662336530653433616266373134323034333966613565623034303166346664653832633535
35323831396334383135646134663962613431346461366334346537613764343433303563333537
33303738666265326135643064626466363063326462313833323731303337643837663961616432
62313964393763393934393138366138343562363130613133633736633639376133663662396533
63363866336133633839396162386538383431636666396162623030656466666565393039353631
63626235636432623465653135663566396335646639623564323938643332643539336331303030
64306136663364613464346530626532366135613531643533363665626135373039613933653430
63316262386637376265643963333063366662393338656334643932643834313061616231353336
61366234336138356664383863363535323139643839303232656562623465396237363466326638
35313036393166336663643337666436396461336632373834343237333162393838333734313534
32663561376337613962336435653736326336656563626232633034633561376139376366636437
36333530316635653438343831393434323864306537313133623039336332653035343765626262
62376264663330623837306164383339613639643231623565383461386132613565643031623962
36616362383433393338373231306136343863383838373730336561326266323039393231613466
66343033653165613935616236323232616437643738333862353736336363353765393438303165
34346236323339333130656336393830326430323530363738356664666364376466373939383032
38643133353866306638336631646131303136653439616239366334376233643336666334336265
64373837613463666665333264356435613733306561666461613231313261386434616631383339
35643834363137343065366565656661313638656662313166363861633032666265376235366365
30633538643364386666626264363661353365616565666437333865386539303935633932313634
38333066356333326465313530383639626662303966323534323464383865373763323064663339
30373662643836343337323533373564313265306361333235376465366239623835626337646662
33656262303465633533316338666130323539356638383139376164376239366564666539656134
66313963313063366139663433366131666363666433663732633566623834383833316439633232
35326638656133336265333062393064306637656235343839643866656136373761353937323036
61613063343234386363626566383833666365303566373365373962323430373134666433656638
66656537666633383939393565616633356462396663656135303331656331363136633565313931
39366634356265633962393332356435363161386438353132623062326165356264646365316233
36383038373731323637346366346138326363313066613030313162366562343134633334376531
35616534306332316264666636666439633438663235346538343465353933336465396237393430
36373661363430616464666335353231346663316436623136666238393130646631306436386531
39303739316465643833326338313239333632343734376631346438343566303534633364326532
32333232613565613338303665646662356363336337333234656261373463643130616437393166
33616436376130336263653137633438326361323962323766303134666534313565343066333535
33356434646637393132303236666565616532363965663962343933316466353335303463346332
37666133646630373661346563666462623930383835613637633633656665373431346638663664
61303130386532363166393963353434376139633231643535613630346236326237323437383830
36393533373866636532393539333262623634626635643366613938306463356436393862313365
30383466663565306365633437333936343662663530626264303037353131336132306466663038
35623930333830303830636639636663633765636530353237313531623966313362373962663563
64663432636234393863626465613963333139653961363831383139353065353332623066333031
37653938613336333834316334396663356163356166633036396131666465613737666439306231
62663837666465306663383633303465333436663463303935353031376266333131623033396137
36363561343532633065316262313462396132366664313238323464323665623732656133333635
33636239616163396331613163323136313666343633323636353736356235643865396336623037
61633766643462393164323265626662326465306532656664656531646534623631313231353030
65376435393832333731633131613635336161333030393835633431333664316361623535306634
63306333333933373363626137313830353033653732353732613238326435393633663134666464
31666565363738623335303836653831353636633836616639643335376562613762306164333233
31633061623762333037333265326134383534656531396561353933613632333532396164356336
35353233393733363064373266366233626663643235333461623331343064666661306566353031
32313036616338353536613031626133653966373936646138333430663633316432626538353536
32303038333334393132373663323962613865316535653032373637636264316461313765353239
37373132633037326235663130623632633963663039386138663463636434383032396630646631
65363766633061383462343961333265643362623937323838626138623834303864303566386164
62383434343230383236343630303466353264643131626130393365376166663365616532303062
39653831323763373937303639656132646231366331343262323839643138613838643262346130
61633066656365383739616366373864653333636439383539363939323661623833323366366165
31646534646432393735346536613836626563623264313664636162393531353831663031643066
61353535616532663739316237653664626538383662623539396666623132626466376363653337
32613035336539653831303138323639393866306534653433363361396561643962363336653263
30346365343164636533396631363833393164356661646365633766656465653161643765643533
36346233303030356435626239313132656135316239393032393838366539663338393663623866
63646364626330323433316264323839343662616136646536383335653235663232613434333331
34343464393137306138363765393832616131623462653632376235356464383537613432326136
37643132333532613531653466653337636336356130363934303834353737626431616230656533
643737353536623331623531383966626165
