$ANSIBLE_VAULT;1.1;AES256
66363237653733663333366566633032663536386631643966373036633031316563633633323666
3064336366353739353738313038643736363435333164620a336461653037626339396534393265
38323035373437653434663634303433306164303433343434646430366636343263393636323166
6539623166373733660a626135306431613632336666666465306565386531343239613339633132
66323665356362623933333664303433306362306330323334393832343133303863646438383639
64323733313833313033646639623030623530373862613663306563623862356136613830343163
30633230333765626364303461643262626166383131373938333162303037343962383866616464
31663864333934323866336630333735396239393531396261626462313962393465346263626237
31313338643864643062376365666238633561373063646334643461323766323163343937656635
39346666333662663232653131313931373665393231623635323865343636376535383437643162
37633131343434646630643865383030343531636365356163663633646337633665346334633733
61363763363864646131376334353861636338393861336136643365656138353534366661333633
37373262313637333738363664666530356338333366623438333163646536336431303836633662
30303261613537633163376234363638613465323932356138373961646365643861653237383332
31623339343661303632633639623938656463643230613964346463356235646135616538366233
34323561623130306438323332643935633732313732646337313334336130613439353866343837
62326361353034386130393831656261613232333062653463376637646135313864373462353533
31363634623261333264616531336537633362333131303136373138653462333966346537386232
35313266363964376532633031666561326538656266353934396263316136363961323636616364
36336337346434313734323630343133323633323935363136373763323535643936363038626534
32363737303539356137353265633338363337613435336563376364336637306535333733316137
39373564613864613766633733633631626632613334306262316132373131336563613233346437
31373734363439323732333532646135663131643866356162363234313138663134313961356161
66636632363434636134343131393034633935363162396564643066663838626339393236633262
37383064383835366539383266623339303333636562613866636363396433623733646232366161
32666332616339613161343632613465656662393136363639333162376161613066356562306531
33643238663861333234316361396463633861663638316137343135303138613732343261633435
37353132653834303331613133363137663463323730333337383033646562313038663037356262
37353763393834326634616636313066326338313265613462653933366463336436323439623336
30396463373935313438613562626237306334643433656537643165366133323734626633643434
63326230323661313734663834653532663164313231353239363832653635623036326630633336
39393735623765363830616131313638323662323834306665383239366365303735376334666537
66623939643535356663656364356139663437366134383432303062646631343739626332363766
30643661323533353833306463356561653433363438333632383031643938326332323536623839
38373762393130353862383464363436363061633436353238666133643864313362346339346538
33626630646535646465666338353863613835393233373964636464386139613738336132333465
63623938326561303962306265306139636566396163376535613561346633623666653165303764
33386465626464363139336462633438326364373439633034646238333338343866336565323564
32363936656332396433653063643239366339633132353532383866363663636635666632626162
32653534373764613261653832326531396532373165366561336161393237663835386639313265
36373131316536666232646636666437393730366665623661363630343736646236346537616336
38323263383262336339313839306362373834633437643362383761393732646362396466306639
65333430663330393436616262636430656139326361666463646161396263323932376237353837
34313961616566376635656238633331626436656435323539316430626639336335323662393166
61343337623963336365613265623139386130333532613934303832656536313934376162663732
36383437653763666461613762356530316337366637633438643133356239373763366438386630
34663334393234646361323865643131326436396637393862373562376235393333653338383731
39396662643231366165303465643230313636613734633961613264396630366665386535323864
61626231633662303734306636383837376339613464373532653764623262633833623934336438
64383966623432636264313232383736666138356165666130633732396137623137623232303665
34643262373663356630353533626265323237353162363332323237383061356162666466346439
64303136323536666663643939343637626236393739353737383566373164336464623730313934
39636162356365333934636162623965313263663636326666303665303763303331306237366664
30303132336332613364663862373766396165666361643930363066616366333238343562323539
65336333326637663737633631343932343362666432313532323562386230646233363935306465
32356439646637613532623138646262363534333266326135616533323331626161646234623736
37383131396461386339333432646430616438613934323832653264396161316462313734613564
32326137616234393538373065383431346466393737323337373961373531336565623334666630
66636363326338653132653937326362396331646564666438643531343231323931643864636333
63313461373166633063643962313465313930363236663934363630326537626464313630383039
35353766366165323931323135383564626431363366633436666332373836376636336163326637
37343962356661396637396639663164316466336666396435333965636363376466306433633430
37326562643639373336373264643130363535366336366362663635336335633632343135376262
34343034616265336339313338653461353536623333643633333265373564323433396638373562
34386534323537353264363737356336396565366131633930323734643934663033353031393161
38393761643934306664666664666265306465356231343639613765333763333738353361656563
37333334313736373739383034303665633633346665653534366461636131333033666562313137
32343531363963393262653864316334396532653865303061346434353866613630333535393032
61316334306533356133653731643333343134633935353764373462663662373861353533663139
34336365636362383361373837356639643434343833633065623733366462366130653262303237
65636439333934333131353430626336386134643065313262623334623561323132323634333537
34643563373831393133313333343736636633616665363539313432323965343935663536383162
33646339663864363432616435383966366661336663343234356332346136333938393637386538
62323132623931353134393639626231373462343061376634336435633733656262356430333861
35383437353631393664656565613833303062303437626436376263303131323362313966396364
65306335346536326337616565303064616430623932363534646533356261353733393233653431
30326533626463643635623062663432373139306362396331646637353163393561356164363234
34346134623432373562663263643764626436366566633333616465353538656661643037336565
30393234313638393237383634656565643864356139663630396166313963363637303734366138
61666465313939643964386235303963333833373134356265656636366431373064613737613531
61663030623130626232653936623937386239613534306661356232373839626236383034346235
37643263326531383532386363376166353263353534326461613936643439383335386239373031
65623338366230626437333737663230383231626139376466343131653165386136303165383161
62613635613464626665393536633732393733633939636361333831643635653761346334653563
62383839613466363338623833636438313866616566333830396565356138373437323666396534
37393165646234323366373534373965613731393962363835396362333036656536366366646333
35313330636630636635376262613335393063623737643134656534316238323862333163303735
32313065396563653564356333346532323632613231373362376566313663633663396163393138
62363932646230323161313638626234316133623834666538386135383061373031343565616361
37653861623335613830643537643939396531656664633538376431336465376532373465366636
64333135623437636264373363343731653537646232663833633961623661623533316366343966
39303462343830666638663631353763396264623531663031366430636633313938363462363965
30336665613831363235333666663732323237633834633631373837343265376137343433333439
63313532623664316466663735303464393138353832313132656163663031646664326336663235
31663761343135366464393732643834306438373861356436613639633065326663616235623630
33343639616462643437656330353561613037383430346362373436386162656530633938626562
62666237393965646639636237343665313639343263383537323433356162373066343435373962
37623032363936653438646161646463666635306361373761643832333938396565303438383765
37333630313464643233353731626433613434626237346464663838303234316439373561366139
35393062326233346433653034316131376239366166653861316634393730613161643238316261
34653130393033363438303536373933376563386136396639666664386466373132643336653038
36313330666437633362386133656230323831643866313137346133616530623635646433393864
33333037373162353663373238396566303763346137353938363864666234303136343862396331
63383937353631376432663631656337656235643663643661643663346634623164613938376263
63356162653438623464353564626232633538313761656134643730323565303832336362343065
35353964643465666432376362373130346462316165323762343635643430353931643931633761
36313163333431343233333333636331383061373334373730613635653861343630343265643431
37396662366164663637376234666632323866643063316633643138626266663030353038393839
66363939316364643032323331323033613938396638343964376235656330303165343662303136
31333131656431343966336635393436333735656666356435396231376330336232646536373936
32383861666335353635643534356235323263383961306632393862303332346363373736356531
30316432633935653366643837646232393538303961386462313534363035316362386636383162
64363535346333663433336234636232613864333330623065393531383434343864333539366632
62353231343835646635623433656335663738336431346437636362393535333937643563376165
30633331303737336638616161373566346334373334616532363362333633653261343862343331
66363739633062326536333431316437396431323837646338636337656363323232393563383466
31343561383261336330663538383736646235616237303661643036356634343866393433366332
34653936396237663235303134383937363237396539616334393933613262386163643336376362
35393339393066613738373930303538383163323536393831316435613761376162616337616561
31633730656434646462666632323065376265376266646565626665343466393532303933373533
63663235626234626532616134393466356431323033616263356630616365653431363933666535
33326164353432623964303534386530366239376463663565336635353535633138323235303039
34343264623361666334366165623037363432396363343561343463383839343665306635643638
64303536386561636465323131663863393030396333373166373732313139373030333862636165
65373239313963376338386363313338646661393333613738376239373662653033343630393765
34373637316536353232643666646536396332663832626239633837316637643063633031366535
62346361333936633533333532396166333464633161363236313030343332313739306333396633
66396465636463356165353535396432323735623934626530643739366466626561306165363936
36353262393237313233333830656166363239613533333766303035323161373062326336626330
63326536383039653837376136356437626533373262376562313533393632393932626537653462
38623633323931613165373562363539373737333462366465313331366166666462396462623737
37653937653334363635396663363066396536646636613836353838343230666435353734383936
64373736666633363265643963663737636333653938303431623864326137383363663736653164
32393036376466313830356636396263663866353539333038383462643732326539343938613333
61373335646662313161646561633134373831393232316265633761663531393538373864303037
64396432613633306564653634656231633666306230303937643934376331316138613532343030
62353933393334613232643438343431336431316539633766663232316432626632303461643333
66376264663035663265653262666163613230383462653733383865626631656135303432323537
35616665613065316236336163393532383663356637653734653365346162393862376531363539
39646637373038323866323764323632663436656538656537336530333133333532326564306139
31353834396430363464376661326435303537363232663930366234363632363166383536323935
39306130316262353339643839356335656139383164613536383866336138343234643562353135
66343964663633643166373637326662623434333662373463303236356331336638393335653566
34383336303838653538663863343964336665373561666231666661666432626464653738623164
64373939346538386638313835303163356665376133326461643533633039333162626135663530
39363630626261313962643061313762353165306136666365386633663962376433613261303837
38656164636332353638323462326531646165336335663433373732393064653037323662633435
32666433653165343434373366623034316436393165316461613330383933343063623162383735
34363436336562643465356531363135653063613432386566303364366230623036306636356363
66623665393034383332363364363939653739613431353761356562356536393561373166323933
33346164653132323962373663653865393161376439643562343365396635666165316365643530
36346566646232633737316539663133303931663237633636393539383337666333323861356339
30353966326565633264643234363865653164613538356364346336303564663737616461336532
30653732666338353934653236666235356665343130623363356662666162396532366465393834
35386336383933663636333661656165666464316562653662643463373161376562626230653735
35393164383434386161353362323830393062313563613966363930333539323634343462313336
65663832356131623661666535376331316633666461323766353035363364616335386564323166
33666634303133363335353466363836376564363165373239623461336338666231666564386562
35646534623035663435613232383532353834626631323037626463616230393063653739353935
31363966616230666239396562313766613536653239346537353366336166383036633938643432
37333163386162303361323034623735616532633633386631366361346432353361356164353035
61633737616238366363663639626138653739366163323430363663343838386638643935343034
62613536323463353033613536653035333236326331383965323030373734313434366236323166
34636338376664373430313162386238303636316462396166383463336661313332623061323861
64366161313266636261663232333866623137623332313638386531356338363235643961383864
32346534626161346634353763633061626237666639313930336164303731613564646163656435
64353036373834616134336632636462376465666435353639396537663564313165666137353830
39626335396465383635666130656566353363333732353833323936396535353763623534376130
62333630646534366231633931646235343232326566373763626665346530663536663730373966
61393234303066313233383764343433663639643864363934386363643161636534346233643533
32316338373231663435393562383433316639626337616531666532623061373261666436333931
30333832366336626566353933666265633638333437316134306435363038323234303836666637
63376236386264313637383964323637353764313262373563323561353065653439623633303566
64613636613135396666666630663230346565353839666361353836313933633361336436366164
32303663306163306130636137323366346535653063663562343063653661303639373566353530
62336461633737616263363935316636636338623065313462396637633562356264646138323138
30613731653839653437653135363462623830346335393464393335383838666664613663376536
35613136373638653234646463363936353765353738383463373436353065626633323737613261
32663030323561343737373534396566333464663261646139623832663239346136623564373636
35646439303032333962333435633632316437633436323462613136636334323062326336663438
33313731343664343338616432303938386136303463393132376537326234666631343639323631
39343434633232356563633762333838636535306636623938643335633131343965343161643839
64393231623362636130393439323030353365323332316462643432623266373965393364666365
63383262663939363237383133346632613839333466356331343066633261336634623663373663
64663063633933646231663533663438626538306634393564343734633331363163306461613463
36303734666236356432623563393966363135613263373537316365633933343431663631323362
61383633366437623232653461396338653738336365363837303666316433633839636632613664
33326262626535343361653238633034336366323430623434626131336165333431656231643432
3961
